0.00000000,0.68874172,0.13144692,0.06582380,0.49588601,0.85651214,0.89845475,0.64918065,0.44107562,0.31552183,0.29595459,0.43932167,0.59185602,0.54947568,0.65478502,0.73084273,0.59336945,0.83606512,0.51887357,0.95517443,0.75380974,0.83003426,0.90548962,0.61660630,0.62655839,0.87852258,0.71049813,0.77538239,0.68784902,0.69382647,0.70473622,0.88456583,0.85260859,0.50530789,0.93983379,0.72938277,0.89276904,0.91451268,0.84154424,0.71265423,1.00265276,0.93813061,0.68085466,0.73827560,1.13940377,0.91319447,0.94347949,0.92538903,0.93158283,0.61236279,1.15207300,1.19287519,0.85490803,0.88910643,1.16961555,1.00514250,0.94485399,0.97621408,1.02277013,0.98227554
0.68874172,0.00000000,0.55729480,0.75456552,0.19285571,0.16777042,0.20971302,0.06961036,0.28448598,0.45263270,0.54102223,0.44556959,0.38856502,0.57552220,0.42126307,0.45751297,0.53377262,0.50034820,0.74335541,0.47127069,0.51529707,0.56020751,0.55617723,0.69719333,0.82248147,0.61381925,0.60751727,0.72813024,0.62355683,0.54142577,0.69823401,0.74383519,0.75967940,0.79314457,0.66718481,0.59611765,0.81710724,0.80503425,0.62096315,0.79706543,0.77979048,0.87232155,0.86455967,0.89916345,0.88921504,0.89097746,0.96377106,0.73057743,0.87670169,0.89187904,0.84014450,0.89527750,0.97074287,1.11255769,0.94444521,1.27457974,0.86815982,0.93351226,0.98980501,0.92920020
0.13144692,0.55729480,0.00000000,0.19727072,0.36443909,0.72506522,0.76700783,0.51833802,0.31560961,0.21540704,0.23125954,0.34756871,0.48887651,0.48400538,0.55455530,0.63157390,0.51576389,0.73493110,0.50005219,0.84105078,0.66121424,0.73763771,0.80573723,0.57197466,0.61114920,0.78940222,0.63690553,0.71721986,0.61950816,0.61009195,0.64935155,0.81576070,0.79062748,0.50339884,0.85229760,0.65194485,0.83611666,0.85273118,0.75721415,0.67745322,0.92533475,0.88549173,0.66670158,0.72254736,1.06213102,0.86776697,0.90790143,0.84942417,0.88071091,0.61804421,1.06555957,1.10954775,0.83544781,0.89588963,1.09722209,1.02678399,0.89048135,0.92961045,0.97986841,0.93394235
0.06582380,0.75456552,0.19727072,0.00000000,0.56170981,0.92233594,0.96427855,0.71478517,0.50504894,0.37303703,0.34300778,0.49208080,0.64731002,0.59058568,0.70882084,0.78411874,0.63888620,0.88969200,0.54020211,1.01390121,0.80425535,0.88004335,0.95831955,0.64788354,0.64429117,0.92694312,0.75329135,0.81097225,0.72860315,0.74098254,0.73972519,0.92413566,0.88934193,0.51892724,0.98733509,0.77365984,0.92685985,0.95078567,0.88808584,0.73848839,1.04544035,0.97012584,0.69720784,0.75467980,1.18170014,0.94203148,0.96753460,0.96790733,0.96280813,0.62005865,1.19847038,1.23774402,0.87196635,0.89299054,1.20961276,1.00063781,0.97760236,1.00521441,1.04979415,1.01204225
0.49588601,0.19285571,0.36443909,0.56170981,0.00000000,0.36062613,0.40256873,0.16081413,0.13081082,0.28240119,0.37367868,0.31835468,0.33340316,0.47685048,0.39011497,0.45236610,0.45616696,0.52947421,0.61449347,0.56545827,0.50463413,0.56853954,0.59721566,0.60066446,0.70805785,0.62590097,0.55807604,0.67411602,0.56284753,0.50022049,0.62805308,0.72237489,0.72348608,0.65482187,0.68715994,0.55604307,0.77990740,0.77791954,0.61667897,0.70992601,0.78972805,0.83586613,0.75652731,0.79943296,0.91497835,0.84227678,0.90685360,0.72693955,0.83711406,0.76294171,0.88555960,0.93802709,0.88740751,1.00841863,0.96417556,1.16487086,0.83486644,0.89366957,0.95008253,0.89229276
0.85651214,0.16777042,0.72506522,0.92233594,0.36062613,0.00000000,0.04194260,0.21694693,0.44379514,0.61174276,0.69739988,0.58615391,0.49611503,0.69430608,0.50985345,0.52334923,0.64206518,0.53362683,0.87481153,0.44458148,0.57921873,0.60510610,0.57328776,0.80967033,0.94304210,0.65134226,0.69261253,0.81028724,0.71552967,0.62528609,0.79309899,0.80072825,0.82723242,0.92941675,0.69433684,0.67529641,0.88308996,0.86366716,0.67134955,0.90002951,0.80932513,0.93574568,0.97995717,1.00814909,0.90042759,0.96321044,1.04018232,0.77385940,0.94240608,1.02057110,0.83556349,0.89098000,1.06656083,1.22083310,0.95902015,1.38487327,0.92926223,0.99763625,1.05225969,0.99115977
0.89845475,0.20971302,0.76700783,0.96427855,0.40256873,0.04194260,0.00000000,0.25771491,0.48451573,0.65219884,0.73727735,0.62340464,0.52793263,0.72702519,0.53792977,0.54665748,0.67296154,0.54968702,0.90954418,0.44759106,0.60148238,0.62292017,0.58505231,0.84067463,0.97536529,0.66701635,0.71844745,0.83484086,0.74267658,0.65133617,0.82046983,0.81971359,0.84847484,0.96503663,0.70720689,0.69999171,0.90370885,0.88271008,0.68977161,0.92872708,0.82191031,0.95555464,1.01110094,1.03784773,0.90806518,0.98491301,1.06257062,0.78989431,0.96270763,1.05446222,0.83966848,0.89483080,1.09322939,1.24995664,0.96718730,1.41421356,0.94856783,1.01736535,1.07141518,1.01041565
0.64918065,0.06961036,0.51833802,0.71478517,0.16081413,0.21694693,0.25771491,0.00000000,0.22685560,0.39484423,0.48112435,0.37853580,0.31943894,0.50598086,0.35427819,0.39455502,0.46430508,0.44505369,0.67507374,0.43669958,0.45206972,0.50090533,0.50463413,0.62758313,0.75315584,0.55577603,0.53997449,0.66059365,0.55514607,0.47435054,0.62939893,0.68040979,0.69422477,0.72575532,0.61131155,0.52947421,0.75171864,0.74100102,0.55972992,0.72762395,0.72235883,0.80719628,0.79502109,0.82955585,0.83594478,0.82440717,0.89648782,0.67014927,0.81118108,0.82334684,0.79186591,0.84649737,0.90157023,1.04294741,0.88993544,1.20498739,0.80345161,0.86810357,0.92453983,0.86416650
0.44107562,0.28448598,0.31560961,0.50504894,0.13081082,0.44379514,0.48451573,0.22685560,0.00000000,0.16837004,0.25668169,0.18777381,0.23076609,0.34910707,0.29520917,0.36690398,0.33503401,0.45868718,0.48402704,0.53512297,0.41240358,0.48329305,0.52969658,0.47214475,0.57730330,0.54012617,0.44473432,0.55641450,0.44495323,0.39264551,0.50572169,0.61684157,0.61167632,0.52574812,0.60344828,0.44679351,0.66676480,0.66886499,0.52251095,0.58246478,0.69773869,0.72223337,0.62603600,0.66961577,0.82868476,0.72419232,0.78559870,0.62966220,0.72229761,0.63271276,0.81087008,0.86072273,0.75980397,0.87791653,0.87387824,1.03408238,0.72245817,0.77812608,0.83403961,0.77782790
0.31552183,0.45263270,0.21540704,0.37303703,0.28240119,0.61174276,0.65219884,0.39484423,0.16837004,0.00000000,0.09129561,0.13264293,0.27692228,0.28320694,0.34117689,0.41793284,0.30469983,0.52235017,0.35751075,0.64089027,0.44592573,0.52238506,0.59257999,0.38888910,0.46296608,0.57399523,0.42644790,0.51613278,0.41253735,0.39564279,0.45214330,0.60630541,0.58562108,0.38611205,0.63691675,0.43947128,0.63441776,0.64720854,0.54225285,0.50025768,0.71173404,0.68629328,0.51653338,0.56729074,0.84826426,0.67497194,0.72383980,0.63651337,0.68300670,0.49987015,0.85017627,0.89440493,0.67110580,0.76369499,0.88490211,0.91156036,0.68986689,0.73485299,0.78769876,0.73765714
0.29595459,0.54102223,0.23125954,0.34300778,0.37367868,0.69739988,0.73727735,0.48112435,0.25668169,0.09129561,0.00000000,0.15517827,0.31391974,0.25626772,0.37088412,0.44427803,0.29741716,0.54992604,0.28352416,0.68694669,0.46159055,0.53716633,0.61730097,0.34103018,0.39307223,0.58399724,0.41513649,0.48756923,0.39402940,0.39838581,0.41883621,0.59109761,0.56249175,0.30355596,0.64467700,0.43349620,0.60630541,0.62465409,0.54589571,0.44800769,0.70700898,0.65488176,0.44810944,0.50178981,0.84386302,0.63650817,0.67752467,0.62989488,0.64982785,0.41913496,0.85644904,0.89693512,0.61112854,0.68945579,0.87528089,0.83255817,0.66021327,0.69839330,0.74862643,0.70283421
0.43932167,0.44556959,0.34756871,0.49208080,0.31835468,0.58615391,0.62340464,0.37853580,0.18777381,0.13264293,0.15517827,0.00000000,0.15874437,0.16755787,0.21703287,0.29204313,0.17482405,0.39761626,0.30009973,0.53190353,0.31535949,0.39182144,0.46641293,0.28717117,0.38980804,0.44234508,0.29610255,0.39284183,0.28533204,0.26300780,0.33350298,0.47598316,0.45853132,0.34761579,0.50495528,0.30765315,0.50950061,0.51941350,0.40970120,0.39883202,0.57921873,0.56287976,0.43826221,0.48227421,0.71567311,0.55654148,0.61158542,0.50425671,0.56073780,0.44927398,0.71819303,0.76198165,0.57532140,0.69014425,0.75276599,0.84668928,0.56538298,0.61437197,0.66870541,0.61602638
0.59185602,0.38856502,0.48887651,0.64731002,0.33340316,0.49611503,0.52793263,0.31943894,0.23076609,0.27692228,0.31391974,0.15874437,0.00000000,0.19972436,0.06715536,0.14368949,0.14679068,0.24605766,0.38801013,0.37332968,0.18278692,0.25626772,0.31692962,0.31379702,0.44745504,0.31200656,0.22696515,0.34609509,0.23738633,0.16685987,0.31019939,0.38949238,0.39054445,0.44815823,0.37573267,0.22283069,0.44733514,0.44451693,0.29184159,0.40911861,0.46709449,0.50337560,0.48390766,0.51389856,0.59892476,0.51318783,0.58180537,0.39905587,0.50525002,0.52876959,0.58643554,0.63446719,0.58217828,0.72730635,0.64328125,0.89065276,0.50191030,0.56209486,0.61868771,0.56007935
0.54947568,0.57552220,0.48400538,0.59058568,0.47685048,0.69430608,0.72702519,0.50598086,0.34910707,0.28320694,0.25626772,0.16755787,0.19972436,0.00000000,0.21113284,0.25707405,0.07003813,0.35139914,0.19261297,0.52237608,0.24733945,0.31391974,0.40737798,0.12424096,0.24887612,0.35024414,0.16339975,0.23385786,0.13837883,0.16742315,0.16898491,0.33521411,0.30671070,0.25614743,0.40563989,0.18627512,0.35267581,0.36885662,0.30502783,0.23336274,0.45496811,0.40354450,0.28904024,0.32565778,0.59111462,0.39213752,0.44449682,0.37739197,0.39992835,0.32926308,0.61188411,0.64861272,0.41076093,0.53814649,0.62014267,0.69925984,0.40764102,0.45167119,0.50479835,0.45446803
0.65478502,0.42126307,0.55455530,0.70882084,0.39011497,0.50985345,0.53792977,0.35427819,0.29520917,0.34117689,0.37088412,0.21703287,0.06715536,0.21113284,0.00000000,0.07704547,0.14474089,0.18131987,0.40371092,0.32348973,0.11721338,0.18936950,0.25142013,0.30822833,0.44758380,0.24550487,0.18658646,0.30705191,0.20608289,0.12016343,0.28335058,0.33371973,0.34137295,0.46714895,0.30913503,0.17525327,0.39883202,0.39157137,0.22817422,0.39083197,0.40306593,0.45467867,0.47760762,0.50074019,0.53348673,0.47014709,0.54250980,0.33733050,0.45794494,0.53590398,0.51936295,0.56763282,0.55712479,0.71216218,0.57901765,0.87650633,0.45185105,0.51495913,0.57154770,0.51169412
0.73084273,0.45751297,0.63157390,0.78411874,0.45236610,0.52334923,0.54665748,0.39455502,0.36690398,0.41793284,0.44427803,0.29204313,0.14368949,0.25707405,0.07704547,0.00000000,0.18703592,0.10568562,0.44498275,0.26530203,0.05782879,0.11696023,0.17473551,0.33181902,0.47228759,0.17428728,0.17660076,0.28865563,0.20695074,0.11364232,0.28337411,0.28632475,0.30544656,0.51015821,0.23696555,0.15464819,0.36227300,0.34776324,0.16667440,0.39645213,0.33745465,0.41656613,0.49463169,0.50944468,0.46381802,0.44040959,0.51688744,0.27778242,0.42196072,0.56612857,0.44452502,0.49386110,0.55027949,0.71533036,0.51190835,0.87942094,0.41160829,0.47824531,0.53404869,0.47310032
0.59336945,0.53377262,0.51576389,0.63888620,0.45616696,0.64206518,0.67296154,0.46430508,0.33503401,0.30469983,0.29741716,0.17482405,0.14679068,0.07003813,0.14474089,0.18703592,0.00000000,0.28245897,0.26045911,0.45233795,0.17978053,0.24964935,0.34053151,0.16771361,0.30452378,0.29056182,0.12174832,0.22223998,0.11180559,0.10398379,0.17191229,0.30164585,0.28418476,0.32487373,0.34916135,0.13660597,0.33637769,0.34472789,0.24932355,0.26333031,0.41051956,0.39071472,0.33814150,0.36710789,0.54747658,0.38938587,0.45104160,0.33398346,0.38958502,0.39127527,0.55958432,0.59952557,0.43835478,0.58052610,0.58145995,0.74387645,0.39237361,0.44456694,0.50000036,0.44514055
0.83606512,0.50034820,0.73493110,0.88969200,0.52947421,0.53362683,0.54968702,0.44505369,0.45868718,0.52235017,0.54992604,0.39761626,0.24605766,0.35139914,0.18131987,0.10568562,0.28245897,0.00000000,0.53140678,0.18398451,0.10596026,0.07704547,0.07146452,0.40638406,0.54329144,0.11773448,0.23386687,0.32082107,0.27027079,0.18904275,0.33787697,0.27344563,0.31055536,0.59702990,0.16684104,0.20513745,0.36178199,0.33600246,0.14394432,0.45020815,0.28027449,0.41028542,0.55731291,0.56269702,0.39123105,0.44619244,0.52574812,0.24032687,0.41887439,0.64065400,0.35615012,0.40861518,0.58375672,0.75780575,0.44488828,0.91945791,0.40203241,0.47144467,0.52398601,0.46342993
0.51887357,0.74335541,0.50005219,0.54020211,0.61449347,0.87481153,0.90954418,0.67507374,0.48402704,0.35751075,0.28352416,0.30009973,0.38801013,0.19261297,0.40371092,0.44498275,0.26045911,0.53140678,0.00000000,0.70898313,0.42544652,0.48124276,0.57903094,0.14030560,0.11111184,0.50485317,0.30926524,0.30654211,0.27262800,0.34236404,0.23963778,0.43337639,0.38506310,0.06562312,0.54965822,0.33852512,0.40857296,0.44087825,0.45371121,0.20146608,0.56681162,0.44326981,0.16666715,0.22269148,0.69345888,0.40772706,0.42752508,0.49283962,0.43388135,0.14917633,0.73657383,0.76332461,0.33739234,0.40668989,0.70812023,0.55471081,0.45292470,0.47053898,0.51183724,0.47882238
0.95517443,0.47127069,0.84105078,1.01390121,0.56545827,0.44458148,0.44759106,0.43669958,0.53512297,0.64089027,0.68694669,0.53190353,0.37332968,0.52237608,0.32348973,0.26530203,0.45233795,0.18398451,0.70898313,0.00000000,0.28678906,0.25433242,0.17135107,0.58854848,0.72657827,0.27150429,0.41762096,0.50145637,0.45371121,0.36864925,0.52181364,0.43498287,0.48071448,0.77442155,0.28788864,0.38907074,0.52622264,0.49388963,0.31467028,0.63384967,0.39542673,0.56845030,0.74129678,0.74599903,0.46381802,0.61157429,0.69107361,0.38522733,0.57907342,0.82338599,0.39208616,0.44724474,0.76142591,0.93781091,0.52363079,1.09794745,0.55799913,0.62674449,0.67465150,0.61664189
0.75380974,0.51529707,0.66121424,0.80425535,0.50463413,0.57921873,0.60148238,0.45206972,0.41240358,0.44592573,0.46159055,0.31535949,0.18278692,0.24733945,0.11721338,0.05782879,0.17978053,0.10596026,0.42544652,0.28678906,0.00000000,0.07649148,0.16081413,0.30176647,0.44010464,0.12976293,0.13333716,0.23676893,0.16799120,0.08308248,0.24034930,0.22854387,0.24839219,0.49106964,0.19351336,0.10705470,0.30494775,0.28993653,0.11204667,0.35395641,0.28613114,0.35898118,0.45730099,0.46722754,0.41635072,0.38400241,0.46115134,0.22269148,0.36459162,0.53661427,0.40577201,0.45252003,0.50044075,0.66907519,0.46191287,0.83253082,0.35387213,0.42072502,0.47641549,0.41542607
0.83003426,0.56020751,0.73763771,0.88004335,0.56853954,0.60510610,0.62292017,0.50090533,0.48329305,0.52238506,0.53716633,0.39182144,0.25626772,0.31391974,0.18936950,0.11696023,0.24964935,0.07704547,0.48124276,0.25433242,0.07649148,0.00000000,0.09833434,0.34918724,0.48164144,0.05740381,0.17379089,0.24713657,0.21111780,0.14659602,0.27144928,0.19749774,0.23351311,0.54647965,0.12016343,0.14408991,0.28497653,0.26035877,0.06738167,0.38138463,0.22280140,0.33420647,0.49115959,0.49262626,0.34691711,0.36921519,0.44873617,0.17097265,0.34245139,0.58022949,0.33035250,0.37826366,0.50843575,0.68378053,0.39572717,0.84463156,0.32639320,0.39564279,0.44886884,0.38805034
0.90548962,0.55617723,0.80573723,0.95831955,0.59721566,0.57328776,0.58505231,0.50463413,0.52969658,0.59257999,0.61730097,0.46641293,0.31692962,0.40737798,0.25142013,0.17473551,0.34053151,0.07146452,0.57903094,0.17135107,0.16081413,0.09833434,0.00000000,0.44752157,0.57943046,0.10061386,0.27212523,0.33787697,0.30945214,0.24050022,0.36825248,0.26365520,0.31042612,0.64438208,0.12292358,0.24242424,0.35492006,0.32270211,0.14733919,0.47631562,0.23696555,0.39738005,0.58736608,0.58610680,0.33334064,0.44025518,0.51972808,0.21540704,0.40783770,0.67817741,0.28919975,0.34290977,0.59323477,0.77113069,0.38969711,0.92969232,0.38717925,0.45619929,0.50521139,0.44645935
0.61660630,0.69719333,0.57197466,0.64788354,0.60066446,0.80967033,0.84067463,0.62758313,0.47214475,0.38888910,0.34103018,0.28717117,0.31379702,0.12424096,0.30822833,0.33181902,0.16771361,0.40638406,0.14030560,0.58854848,0.30176647,0.34918724,0.44752157,0.00000000,0.14067425,0.36785571,0.17539635,0.16982833,0.13806944,0.22063492,0.10027947,0.29485104,0.24947284,0.20224135,0.41027491,0.20509733,0.28026550,0.30818187,0.31597982,0.11220830,0.42753281,0.32225065,0.17043622,0.20214501,0.55625150,0.29730131,0.33688160,0.35289461,0.31517229,0.23503667,0.59660658,0.62441174,0.28816202,0.41537585,0.57418375,0.57769568,0.32981047,0.36003353,0.40849215,0.36573883
0.62655839,0.82248147,0.61114920,0.64429117,0.70805785,0.94304210,0.97536529,0.75315584,0.57730330,0.46296608,0.39307223,0.38980804,0.44745504,0.24887612,0.44758380,0.47228759,0.30452378,0.54329144,0.11111184,0.72657827,0.44010464,0.48164144,0.57943046,0.14067425,0.00000000,0.49287578,0.30966008,0.26359703,0.27302095,0.36032458,0.21272326,0.38868610,0.33389991,0.12883926,0.52711803,0.33892105,0.34320521,0.38113764,0.44029701,0.12644462,0.52181364,0.36741590,0.05555556,0.11209914,0.63817881,0.32357627,0.32991870,0.45410036,0.35601649,0.09913707,0.69378673,0.71352492,0.22835771,0.30203845,0.64455968,0.45688727,0.37902335,0.38411673,0.41923925,0.39423496
0.87852258,0.61381925,0.78940222,0.92694312,0.62590097,0.65134226,0.66701635,0.55577603,0.54012617,0.57399523,0.58399724,0.44234508,0.31200656,0.35024414,0.24550487,0.17428728,0.29056182,0.11773448,0.50485317,0.27150429,0.12976293,0.05740381,0.10061386,0.36785571,0.49287578,0.00000000,0.19626697,0.24167190,0.23230768,0.18675868,0.28015252,0.16384169,0.20983693,0.56905055,0.06376922,0.16799120,0.25489430,0.22430092,0.05257877,0.38333668,0.16667440,0.29915745,0.49599693,0.49076863,0.28953712,0.34026414,0.41988566,0.12292358,0.30901735,0.59201284,0.27639924,0.32276046,0.49319790,0.67161529,0.33847975,0.82950039,0.28968290,0.35909651,0.40993469,0.35011798
0.71049813,0.60751727,0.63690553,0.75329135,0.55807604,0.69261253,0.71844745,0.53997449,0.44473432,0.42644790,0.41513649,0.29610255,0.22696515,0.16339975,0.18658646,0.17660076,0.12174832,0.23386687,0.30926524,0.41762096,0.13333716,0.17379089,0.27212523,0.17539635,0.30966008,0.19626697,0.00000000,0.12062707,0.03732691,0.06738167,0.10739799,0.17994102,0.16698062,0.37400669,0.24606163,0.02970098,0.22227015,0.22546970,0.14659602,0.22101044,0.29227388,0.27803863,0.32426629,0.33429520,0.42891338,0.28632475,0.35657595,0.21489940,0.27903802,0.40757688,0.44887240,0.48521856,0.37509095,0.53874147,0.46072041,0.70282139,0.27778822,0.33564602,0.39213752,0.33426091
0.77538239,0.72813024,0.71721986,0.81097225,0.67411602,0.81028724,0.83484086,0.66059365,0.55641450,0.51613278,0.48756923,0.39284183,0.34609509,0.23385786,0.30705191,0.28865563,0.22223998,0.32082107,0.30654211,0.50145637,0.23676893,0.24713657,0.33787697,0.16982833,0.26359703,0.24167190,0.12062707,0.00000000,0.11152788,0.18713088,0.07146452,0.12752737,0.07973472,0.36337419,0.26650612,0.13499087,0.11890623,0.13994952,0.19088430,0.14408991,0.26157667,0.17028533,0.25767610,0.24909977,0.38703229,0.16817541,0.23607237,0.19088430,0.16791897,0.36111225,0.43292583,0.45719767,0.26427768,0.43699985,0.40447034,0.59883961,0.17382452,0.22235303,0.27779873,0.22331597
0.68784902,0.62355683,0.61950816,0.72860315,0.56284753,0.71552967,0.74267658,0.55514607,0.44495323,0.41253735,0.39402940,0.28533204,0.23738633,0.13837883,0.20608289,0.20695074,0.11180559,0.27027079,0.27262800,0.45371121,0.16799120,0.21111780,0.30945214,0.13806944,0.27302095,0.23230768,0.03732691,0.11152788,0.00000000,0.09370225,0.07788457,0.19706822,0.17332021,0.33713947,0.27987427,0.06702789,0.22461687,0.23468363,0.18169018,0.18967428,0.31778925,0.27892629,0.28948178,0.30251116,0.45333252,0.27962742,0.34508876,0.24021382,0.27798908,0.37063328,0.47875107,0.51298460,0.35109757,0.50994045,0.48176662,0.67431880,0.28060537,0.33333937,0.38910760,0.33356547
0.69382647,0.54142577,0.61009195,0.74098254,0.50022049,0.62528609,0.65133617,0.47435054,0.39264551,0.39564279,0.39838581,0.26300780,0.16685987,0.16742315,0.12016343,0.11364232,0.10398379,0.18904275,0.34236404,0.36864925,0.08308248,0.14659602,0.24050022,0.22063492,0.36032458,0.18675868,0.06738167,0.18713088,0.09370225,0.00000000,0.17104572,0.22419827,0.22396615,0.40798716,0.24635308,0.05619130,0.28104743,0.27777778,0.14784483,0.28337411,0.31650938,0.33708782,0.38113764,0.39611981,0.45272539,0.35025918,0.42235114,0.24268319,0.33953913,0.45565719,0.45825974,0.50012543,0.44194954,0.60340335,0.49109508,0.76772414,0.33524190,0.39652887,0.45317025,0.39396112
0.70473622,0.69823401,0.64935155,0.73972519,0.62805308,0.79309899,0.82046983,0.62939893,0.50572169,0.45214330,0.41883621,0.33350298,0.31019939,0.16898491,0.28335058,0.28337411,0.17191229,0.33787697,0.23963778,0.52181364,0.24034930,0.27144928,0.36825248,0.10027947,0.21272326,0.28015252,0.10739799,0.07146452,0.07788457,0.17104572,0.00000000,0.19458557,0.15092962,0.29933110,0.31637494,0.13370213,0.18814492,0.21139711,0.22757375,0.11364232,0.32736117,0.23614018,0.21985815,0.22693460,0.45615963,0.22335601,0.27993899,0.25324986,0.23165235,0.31186033,0.49696383,0.52416679,0.27391417,0.43236298,0.47539443,0.59667896,0.24141066,0.28271014,0.33591187,0.28575030
0.88456583,0.74383519,0.81576070,0.92413566,0.72237489,0.80072825,0.81971359,0.68040979,0.61684157,0.60630541,0.59109761,0.47598316,0.38949238,0.33521411,0.33371973,0.28632475,0.30164585,0.27344563,0.43337639,0.43498287,0.22854387,0.19749774,0.26365520,0.29485104,0.38868610,0.16384169,0.17994102,0.12752737,0.19706822,0.22419827,0.19458557,0.00000000,0.05759583,0.49087027,0.16156768,0.17097265,0.09129561,0.06299657,0.13017939,0.26477419,0.13406731,0.13683985,0.37658681,0.35761589,0.26194842,0.17660076,0.25611115,0.06783062,0.14574660,0.48451573,0.30567730,0.32995562,0.33863515,0.51858188,0.28547976,0.67234622,0.12894097,0.19814635,0.25170300,0.19071941
0.85260859,0.75967940,0.79062748,0.88934193,0.72348608,0.82723242,0.84847484,0.69422477,0.61167632,0.58562108,0.56249175,0.45853132,0.39054445,0.30671070,0.34137295,0.30544656,0.28418476,0.31055536,0.38506310,0.48071448,0.24839219,0.23351311,0.31042612,0.24947284,0.33389991,0.20983693,0.16698062,0.07973472,0.17332021,0.22396615,0.15092962,0.05759583,0.00000000,0.44028727,0.21655898,0.16779961,0.05750615,0.06216544,0.16756334,0.20881048,0.18800642,0.11332205,0.31973409,0.30002007,0.30856603,0.13672282,0.21566154,0.12542645,0.11702305,0.42865836,0.35994279,0.38077672,0.28485551,0.46441073,0.32474511,0.62035230,0.11138642,0.17388162,0.23033847,0.17032660
0.50530789,0.79314457,0.50339884,0.51892724,0.65482187,0.92941675,0.96503663,0.72575532,0.52574812,0.38611205,0.30355596,0.34761579,0.44815823,0.25614743,0.46714895,0.51015821,0.32487373,0.59702990,0.06562312,0.77442155,0.49106964,0.54647965,0.64438208,0.20224135,0.12883926,0.56905055,0.37400669,0.36337419,0.33713947,0.40798716,0.29933110,0.49087027,0.44028727,0.00000000,0.61251516,0.40340230,0.45887044,0.49357270,0.51758564,0.24443825,0.62484232,0.48902333,0.17897389,0.23620813,0.74869681,0.44873617,0.45868718,0.55220643,0.47855231,0.11617197,0.79564709,0.82047410,0.35353652,0.39253554,0.76032449,0.52960639,0.49969277,0.51037294,0.54735942,0.51984697
0.93983379,0.66718481,0.85229760,0.98733509,0.68715994,0.69433684,0.70720689,0.61131155,0.60344828,0.63691675,0.64467700,0.50495528,0.37573267,0.40563989,0.30913503,0.23696555,0.34916135,0.16684104,0.54965822,0.28788864,0.19351336,0.12016343,0.12292358,0.41027491,0.52711803,0.06376922,0.24606163,0.26650612,0.27987427,0.24635308,0.31637494,0.16156768,0.21655898,0.61251516,0.00000000,0.21997041,0.25018863,0.21273867,0.10061386,0.41059603,0.11501229,0.28532525,0.52418222,0.51235264,0.22785956,0.33359959,0.41136508,0.10061386,0.29717293,0.62579018,0.21326208,0.25900898,0.50018756,0.68011461,0.27913507,0.83354870,0.27372761,0.34117689,0.38731908,0.33034718
0.72938277,0.59611765,0.65194485,0.77365984,0.55604307,0.67529641,0.69999171,0.52947421,0.44679351,0.43947128,0.43349620,0.30765315,0.22283069,0.18627512,0.17525327,0.15464819,0.13660597,0.20513745,0.33852512,0.38907074,0.10705470,0.14408991,0.24242424,0.20509733,0.33892105,0.16799120,0.02970098,0.13499087,0.06702789,0.05619130,0.13370213,0.17097265,0.16779961,0.40340230,0.21997041,0.00000000,0.22485629,0.22238201,0.11964112,0.24713657,0.27391417,0.28089657,0.35231625,0.36034601,0.41087126,0.29493839,0.36817205,0.19749774,0.28340418,0.43701941,0.42593840,0.46408419,0.39566154,0.56237510,0.44550060,0.72607267,0.27911537,0.34040697,0.39704676,0.33777315
0.89276904,0.81710724,0.83611666,0.92685985,0.77990740,0.88308996,0.90370885,0.75171864,0.66676480,0.63441776,0.60630541,0.50950061,0.44733514,0.35267581,0.39883202,0.36227300,0.33637769,0.36178199,0.40857296,0.52622264,0.30494775,0.28497653,0.35492006,0.28026550,0.34320521,0.25489430,0.22227015,0.11890623,0.22461687,0.28104743,0.18814492,0.09129561,0.05750615,0.45887044,0.25018863,0.22485629,0.00000000,0.04274533,0.21784260,0.21703287,0.19446117,0.05604957,0.31993393,0.29053073,0.29616596,0.08537038,0.16502516,0.15087757,0.05970685,0.43255542,0.36150884,0.37409611,0.25360130,0.43311795,0.30184157,0.58378508,0.05599781,0.11640885,0.17283330,0.11294471
0.91451268,0.80503425,0.85273118,0.95078567,0.77791954,0.86366716,0.88271008,0.74100102,0.66886499,0.64720854,0.62465409,0.51941350,0.44451693,0.36885662,0.39157137,0.34776324,0.34472789,0.33600246,0.44087825,0.49388963,0.28993653,0.26035877,0.32270211,0.30818187,0.38113764,0.22430092,0.22546970,0.13994952,0.23468363,0.27777778,0.21139711,0.06299657,0.06216544,0.49357270,0.21273867,0.22238201,0.04274533,0.00000000,0.19310669,0.25469352,0.15171583,0.07485658,0.36032458,0.33258775,0.25704356,0.12106529,0.19872493,0.11224453,0.08521811,0.47228759,0.31933884,0.33352144,0.29545677,0.47455949,0.26724762,0.62352472,0.06604878,0.13544834,0.18870662,0.12773596
0.84154424,0.62096315,0.75721415,0.88808584,0.61667897,0.67134955,0.68977161,0.55972992,0.52251095,0.54225285,0.54589571,0.40970120,0.29184159,0.30502783,0.22817422,0.16667440,0.24932355,0.14394432,0.45371121,0.31467028,0.11204667,0.06738167,0.14733919,0.31597982,0.44029701,0.05257877,0.14659602,0.19088430,0.18169018,0.14784483,0.22757375,0.13017939,0.16756334,0.51758564,0.10061386,0.11964112,0.21784260,0.19310669,0.00000000,0.33140063,0.17525327,0.26683076,0.44378810,0.43971629,0.30852114,0.30240309,0.38204382,0.11111111,0.27509228,0.53943408,0.31055536,0.35245200,0.44688718,0.62412338,0.35144889,0.78344586,0.25911213,0.32830434,0.38173185,0.32083557
0.71265423,0.79706543,0.67745322,0.73848839,0.70992601,0.90002951,0.92872708,0.72762395,0.58246478,0.50025768,0.44800769,0.39883202,0.40911861,0.23336274,0.39083197,0.39645213,0.26333031,0.45020815,0.20146608,0.63384967,0.35395641,0.38138463,0.47631562,0.11220830,0.12644462,0.38333668,0.22101044,0.14408991,0.18967428,0.28337411,0.11364232,0.26477419,0.20881048,0.24443825,0.41059603,0.24713657,0.21703287,0.25469352,0.33140063,0.00000000,0.39677035,0.24458509,0.11358619,0.11329236,0.51173583,0.20631921,0.23137097,0.33140063,0.23421701,0.21985815,0.56862234,0.58731278,0.17748150,0.32139486,0.51873202,0.48580220,0.25535012,0.26907324,0.31136936,0.27747704
1.00265276,0.77979048,0.92533475,1.04544035,0.78972805,0.80932513,0.82191031,0.72235883,0.69773869,0.71173404,0.70700898,0.57921873,0.46709449,0.45496811,0.40306593,0.33745465,0.41051956,0.28027449,0.56681162,0.39542673,0.28613114,0.22280140,0.23696555,0.42753281,0.52181364,0.16667440,0.29227388,0.26157667,0.31778925,0.31650938,0.32736117,0.13406731,0.18800642,0.62484232,0.11501229,0.27391417,0.19446117,0.15171583,0.17525327,0.39677035,0.00000000,0.20939089,0.50681098,0.48283752,0.13695709,0.26516664,0.33541429,0.07760380,0.22335507,0.61657154,0.17197406,0.19706429,0.44538097,0.62307164,0.17620722,0.76718591,0.19549720,0.25469352,0.29237281,0.24177404
0.93813061,0.87232155,0.88549173,0.97012584,0.83586613,0.93574568,0.95555464,0.80719628,0.72223337,0.68629328,0.65488176,0.56287976,0.50337560,0.40354450,0.45467867,0.41656613,0.39071472,0.41028542,0.44326981,0.56845030,0.35898118,0.33420647,0.39738005,0.32225065,0.36741590,0.29915745,0.27803863,0.17028533,0.27892629,0.33708782,0.23614018,0.13683985,0.11332205,0.48902333,0.28532525,0.28089657,0.05604957,0.07485658,0.26683076,0.24458509,0.20939089,0.00000000,0.33673359,0.29914477,0.28737972,0.05739514,0.12734676,0.18482861,0.01444913,0.45037383,0.36463978,0.36884765,0.24001605,0.41493406,0.28190172,0.55788744,0.01444913,0.06189763,0.11753677,0.05702087
0.68085466,0.86455967,0.66670158,0.69720784,0.75652731,0.97995717,1.01110094,0.79502109,0.62603600,0.51653338,0.44810944,0.43826221,0.48390766,0.28904024,0.47760762,0.49463169,0.33814150,0.55731291,0.16666715,0.74129678,0.45730099,0.49115959,0.58736608,0.17043622,0.05555556,0.49599693,0.32426629,0.25767610,0.28948178,0.38113764,0.21985815,0.37658681,0.31973409,0.17897389,0.52418222,0.35231625,0.31993393,0.36032458,0.44378810,0.11358619,0.50681098,0.33673359,0.00000000,0.05750615,0.61603118,0.28826492,0.28472544,0.44378810,0.32425731,0.11364232,0.67803768,0.69378673,0.17476357,0.25189174,0.61766218,0.41063673,0.34936194,0.34607497,0.37657792,0.35727220
0.73827560,0.89916345,0.72254736,0.75467980,0.79943296,1.00814909,1.03784773,0.82955585,0.66961577,0.56729074,0.50178981,0.48227421,0.51389856,0.32565778,0.50074019,0.50944468,0.36710789,0.56269702,0.22269148,0.74599903,0.46722754,0.49262626,0.58610680,0.20214501,0.11209914,0.49076863,0.33429520,0.24909977,0.30251116,0.39611981,0.22693460,0.35761589,0.30002007,0.23620813,0.51235264,0.36034601,0.29053073,0.33258775,0.43971629,0.11329236,0.48283752,0.29914477,0.05750615,0.00000000,0.58399077,0.24677813,0.23323216,0.42544652,0.28577971,0.15918179,0.65192256,0.66365286,0.11734182,0.21351271,0.58100260,0.37684904,0.31260630,0.30083841,0.32665239,0.31296987
1.13940377,0.88921504,1.06213102,1.18170014,0.91497835,0.90042759,0.90806518,0.83594478,0.82868476,0.84826426,0.84386302,0.71567311,0.59892476,0.59111462,0.53348673,0.46381802,0.54747658,0.39123105,0.69345888,0.46381802,0.41635072,0.34691711,0.33334064,0.55625150,0.63817881,0.28953712,0.42891338,0.38703229,0.45333252,0.45272539,0.45615963,0.26194842,0.30856603,0.74869681,0.22785956,0.41087126,0.29616596,0.25704356,0.30852114,0.51173583,0.13695709,0.28737972,0.61603118,0.58399077,0.00000000,0.34387123,0.39654826,0.21401537,0.30156922,0.72871081,0.09961218,0.08268112,0.52492287,0.69315673,0.06008172,0.82191381,0.27321744,0.30925145,0.32507146,0.29480233
0.91319447,0.89097746,0.86776697,0.94203148,0.84227678,0.96321044,0.98491301,0.82440717,0.72419232,0.67497194,0.63650817,0.55654148,0.51318783,0.39213752,0.47014709,0.44040959,0.38938587,0.44619244,0.40772706,0.61157429,0.38400241,0.36921519,0.44025518,0.29730131,0.32357627,0.34026414,0.28632475,0.16817541,0.27962742,0.35025918,0.22335601,0.17660076,0.13672282,0.44873617,0.33359959,0.29493839,0.08537038,0.12106529,0.30240309,0.20631921,0.26516664,0.05739514,0.28826492,0.24677813,0.34387123,0.00000000,0.07973472,0.23326079,0.04294602,0.40145208,0.42203492,0.42567581,0.18262091,0.35813815,0.33541429,0.50340548,0.07184427,0.06318680,0.11273485,0.07121274
0.94347949,0.96377106,0.90790143,0.96753460,0.90685360,1.04018232,1.06257062,0.89648782,0.78559870,0.72383980,0.67752467,0.61158542,0.58180537,0.44449682,0.54250980,0.51688744,0.45104160,0.52574812,0.42752508,0.69107361,0.46115134,0.44873617,0.51972808,0.33688160,0.32991870,0.41988566,0.35657595,0.23607237,0.34508876,0.42235114,0.27993899,0.25611115,0.21566154,0.45868718,0.41136508,0.36817205,0.16502516,0.19872493,0.38204382,0.23137097,0.33541429,0.12734676,0.28472544,0.23323216,0.39654826,0.07973472,0.00000000,0.31076480,0.11451871,0.39238800,0.48243882,0.47922938,0.13717950,0.29660847,0.37777777,0.43234214,0.14048991,0.08729681,0.09434987,0.10174594
0.92538903,0.73057743,0.84942417,0.96790733,0.72693955,0.77385940,0.78989431,0.67014927,0.62966220,0.63651337,0.62989488,0.50425671,0.39905587,0.37739197,0.33733050,0.27778242,0.33398346,0.24032687,0.49283962,0.38522733,0.22269148,0.17097265,0.21540704,0.35289461,0.45410036,0.12292358,0.21489940,0.19088430,0.24021382,0.24268319,0.25324986,0.06783062,0.12542645,0.55220643,0.10061386,0.19749774,0.15087757,0.11224453,0.11111111,0.33140063,0.07760380,0.18482861,0.44378810,0.42544652,0.21401537,0.23326079,0.31076480,0.00000000,0.19656736,0.55075839,0.24373674,0.27356845,0.40332507,0.58322147,0.24857178,0.73465185,0.17349944,0.24166303,0.28981168,0.23141467
0.93158283,0.87670169,0.88071091,0.96280813,0.83711406,0.94240608,0.96270763,0.81118108,0.72229761,0.68300670,0.64982785,0.56073780,0.50525002,0.39992835,0.45794494,0.42196072,0.38958502,0.41887439,0.43388135,0.57907342,0.36459162,0.34245139,0.40783770,0.31517229,0.35601649,0.30901735,0.27903802,0.16791897,0.27798908,0.33953913,0.23165235,0.14574660,0.11702305,0.47855231,0.29717293,0.28340418,0.05970685,0.08521811,0.27509228,0.23421701,0.22335507,0.01444913,0.32425731,0.28577971,0.30156922,0.04294602,0.11451871,0.19656736,0.00000000,0.43786413,0.37908890,0.38313812,0.22556693,0.40061970,0.29523608,0.54411529,0.02889825,0.05702087,0.11364854,0.05557875
0.61236279,0.89187904,0.61804421,0.62005865,0.76294171,1.02057110,1.05446222,0.82334684,0.63271276,0.49987015,0.41913496,0.44927398,0.52876959,0.32926308,0.53590398,0.56612857,0.39127527,0.64065400,0.14917633,0.82338599,0.53661427,0.58022949,0.67817741,0.23503667,0.09913707,0.59201284,0.40757688,0.36111225,0.37063328,0.45565719,0.31186033,0.48451573,0.42865836,0.11617197,0.62579018,0.43701941,0.43255542,0.47228759,0.53943408,0.21985815,0.61657154,0.45037383,0.11364232,0.15918179,0.72871081,0.40145208,0.39238800,0.55075839,0.43786413,0.00000000,0.78834054,0.80576584,0.26907324,0.27845902,0.73121021,0.41355163,0.46299647,0.45823176,0.48580220,0.46980504
1.15207300,0.84014450,1.06555957,1.19847038,0.88555960,0.83556349,0.83966848,0.79186591,0.81087008,0.85017627,0.85644904,0.71819303,0.58643554,0.61188411,0.51936295,0.44452502,0.55958432,0.35615012,0.73657383,0.39208616,0.40577201,0.33035250,0.28919975,0.59660658,0.69378673,0.27639924,0.44887240,0.43292583,0.47875107,0.45825974,0.49696383,0.30567730,0.35994279,0.79564709,0.21326208,0.42593840,0.36150884,0.31933884,0.31055536,0.56862234,0.17197406,0.36463978,0.67803768,0.65192256,0.09961218,0.42203492,0.48243882,0.24373674,0.37908890,0.78834054,0.00000000,0.05555556,0.60465583,0.77782439,0.15325913,0.91240146,0.35019065,0.39585043,0.41800787,0.38154970
1.19287519,0.89527750,1.10954775,1.23774402,0.93802709,0.89098000,0.89483080,0.84649737,0.86072273,0.89440493,0.89693512,0.76198165,0.63446719,0.64861272,0.56763282,0.49386110,0.59952557,0.40861518,0.76332461,0.44724474,0.45252003,0.37826366,0.34290977,0.62441174,0.71352492,0.32276046,0.48521856,0.45719767,0.51298460,0.50012543,0.52416679,0.32995562,0.38077672,0.82047410,0.25900898,0.46408419,0.37409611,0.33352144,0.35245200,0.58731278,0.19706429,0.36884765,0.69378673,0.66365286,0.08268112,0.42567581,0.47922938,0.27356845,0.38313812,0.80576584,0.05555556,0.00000000,0.60720268,0.77583785,0.11928580,0.90390504,0.35457004,0.39193257,0.40678166,0.37748344
0.85490803,0.97074287,0.83544781,0.87196635,0.88740751,1.06656083,1.09322939,0.90157023,0.75980397,0.67110580,0.61112854,0.57532140,0.58217828,0.41076093,0.55712479,0.55027949,0.43835478,0.58375672,0.33739234,0.76142591,0.50044075,0.50843575,0.59323477,0.28816202,0.22835771,0.49319790,0.37509095,0.26427768,0.35109757,0.44194954,0.27391417,0.33863515,0.28485551,0.35353652,0.50018756,0.39566154,0.25360130,0.29545677,0.44688718,0.17748150,0.44538097,0.24001605,0.17476357,0.11734182,0.52492287,0.18262091,0.13717950,0.40332507,0.22556693,0.26907324,0.60465583,0.60720268,0.00000000,0.17997140,0.51131539,0.33655922,0.25446518,0.21985815,0.23026683,0.23386687
0.88910643,1.11255769,0.89588963,0.89299054,1.00841863,1.22083310,1.24995664,1.04294741,0.87791653,0.76369499,0.68945579,0.69014425,0.72730635,0.53814649,0.71216218,0.71533036,0.58052610,0.75780575,0.40668989,0.93781091,0.66907519,0.68378053,0.77113069,0.41537585,0.30203845,0.67161529,0.53874147,0.43699985,0.50994045,0.60340335,0.43236298,0.51858188,0.46441073,0.39253554,0.68011461,0.56237510,0.43311795,0.47455949,0.62412338,0.32139486,0.62307164,0.41493406,0.25189174,0.21351271,0.69315673,0.35813815,0.29660847,0.58322147,0.40061970,0.27845902,0.77782439,0.77583785,0.17997140,0.00000000,0.67257735,0.16443253,0.42925745,0.38390528,0.37698379,0.39835440
1.16961555,0.94444521,1.09722209,1.20961276,0.96417556,0.95902015,0.96718730,0.88993544,0.87387824,0.88490211,0.87528089,0.75276599,0.64328125,0.62014267,0.57901765,0.51190835,0.58145995,0.44488828,0.70812023,0.52363079,0.46191287,0.39572717,0.38969711,0.57418375,0.64455968,0.33847975,0.46072041,0.40447034,0.48176662,0.49109508,0.47539443,0.28547976,0.32474511,0.76032449,0.27913507,0.44550060,0.30184157,0.26724762,0.35144889,0.51873202,0.17620722,0.28190172,0.61766218,0.58100260,0.06008172,0.33541429,0.37777777,0.24857178,0.29523608,0.73121021,0.15325913,0.11928580,0.51131539,0.67257735,0.00000000,0.79343842,0.26868266,0.29171270,0.29741120,0.27754167
1.00514250,1.27457974,1.02678399,1.00063781,1.16487086,1.38487327,1.41421356,1.20498739,1.03408238,0.91156036,0.83255817,0.84668928,0.89065276,0.69925984,0.87650633,0.87942094,0.74387645,0.91945791,0.55471081,1.09794745,0.83253082,0.84463156,0.92969232,0.57769568,0.45688727,0.82950039,0.70282139,0.59883961,0.67431880,0.76772414,0.59667896,0.67234622,0.62035230,0.52960639,0.83354870,0.72607267,0.58378508,0.62352472,0.78344586,0.48580220,0.76718591,0.55788744,0.41063673,0.37684904,0.82191381,0.50340548,0.43234214,0.73465185,0.54411529,0.41355163,0.91240146,0.90390504,0.33655922,0.16443253,0.79343842,0.00000000,0.57169301,0.51719364,0.49719346,0.53131446
0.94485399,0.86815982,0.89048135,0.97760236,0.83486644,0.92926223,0.94856783,0.80345161,0.72245817,0.68986689,0.66021327,0.56538298,0.50191030,0.40764102,0.45185105,0.41160829,0.39237361,0.40203241,0.45292470,0.55799913,0.35387213,0.32639320,0.38717925,0.32981047,0.37902335,0.28968290,0.27778822,0.17382452,0.28060537,0.33524190,0.24141066,0.12894097,0.11138642,0.49969277,0.27372761,0.27911537,0.05599781,0.06604878,0.25911213,0.25535012,0.19549720,0.01444913,0.34936194,0.31260630,0.27321744,0.07184427,0.14048991,0.17349944,0.02889825,0.46299647,0.35019065,0.35457004,0.25446518,0.42925745,0.26868266,0.57169301,0.00000000,0.06948962,0.12300955,0.06189763
0.97621408,0.93351226,0.92961045,1.00521441,0.89366957,0.99763625,1.01736535,0.86810357,0.77812608,0.73485299,0.69839330,0.61437197,0.56209486,0.45167119,0.51495913,0.47824531,0.44456694,0.47144467,0.47053898,0.62674449,0.42072502,0.39564279,0.45619929,0.36003353,0.38411673,0.35909651,0.33564602,0.22235303,0.33333937,0.39652887,0.28271014,0.19814635,0.17388162,0.51037294,0.34117689,0.34040697,0.11640885,0.13544834,0.32830434,0.26907324,0.25469352,0.06189763,0.34607497,0.30083841,0.30925145,0.06318680,0.08729681,0.24166303,0.05702087,0.45823176,0.39585043,0.39193257,0.21985815,0.38390528,0.29171270,0.51719364,0.06948962,0.00000000,0.05664139,0.01444913
1.02277013,0.98980501,0.97986841,1.04979415,0.95008253,1.05225969,1.07141518,0.92453983,0.83403961,0.78769876,0.74862643,0.66870541,0.61868771,0.50479835,0.57154770,0.53404869,0.50000036,0.52398601,0.51183724,0.67465150,0.47641549,0.44886884,0.50521139,0.40849215,0.41923925,0.40993469,0.39213752,0.27779873,0.38910760,0.45317025,0.33591187,0.25170300,0.23033847,0.54735942,0.38731908,0.39704676,0.17283330,0.18870662,0.38173185,0.31136936,0.29237281,0.11753677,0.37657792,0.32665239,0.32507146,0.11273485,0.09434987,0.28981168,0.11364854,0.48580220,0.41800787,0.40678166,0.23026683,0.37698379,0.29741120,0.49719346,0.12300955,0.05664139,0.00000000,0.06112274
0.98227554,0.92920020,0.93394235,1.01204225,0.89229276,0.99115977,1.01041565,0.86416650,0.77782790,0.73765714,0.70283421,0.61602638,0.56007935,0.45446803,0.51169412,0.47310032,0.44514055,0.46342993,0.47882238,0.61664189,0.41542607,0.38805034,0.44645935,0.36573883,0.39423496,0.35011798,0.33426091,0.22331597,0.33356547,0.39396112,0.28575030,0.19071941,0.17032660,0.51984697,0.33034718,0.33777315,0.11294471,0.12773596,0.32083557,0.27747704,0.24177404,0.05702087,0.35727220,0.31296987,0.29480233,0.07121274,0.10174594,0.23141467,0.05557875,0.46980504,0.38154970,0.37748344,0.23386687,0.39835440,0.27754167,0.53131446,0.06189763,0.01444913,0.06112274,0.00000000
