0.00000000,0.81853060,0.33454824,0.70189910,0.23978515,0.68732016,0.04373681,0.51255303,0.22799732,0.39781217,0.33053188,0.40545026,0.54729557,0.36718276,0.38417198,0.56967248,0.50962553,0.63081115,0.44001710,0.75845092,0.65640352,0.56966077,0.62751423,0.43826578,0.73918464,0.59702341,0.80596438,0.71237492,0.82458863,0.64543759,0.56712989,0.90474904,0.65102628,0.92037251,0.86203488,0.98717624,0.94862699,0.80083334,0.75478903,0.75652872,0.99877396,1.15603370,0.83867781,1.03566586,0.74919411,0.62517001,0.81394819,0.83268630,1.01787665,0.84693248,0.87776639,0.69254556,0.97577483,0.60712730,0.94518391,1.01841393,0.94008249,0.83755747,1.11629929,1.07207935
0.81853060,0.00000000,0.48398235,0.11663150,0.57874544,0.13121044,0.86226741,0.31604396,0.64017572,0.50386307,0.57760617,0.55841656,0.41533786,0.69943618,0.82521239,0.46343469,0.60395585,0.56918153,0.88694361,0.55822571,0.63611612,0.74002353,0.78001064,0.95103306,0.65673460,0.83599727,0.61207964,0.78604141,0.68511777,0.90707946,1.05357468,0.72507501,0.89190521,0.64113090,0.74949935,0.69626167,0.78675881,0.79936148,0.85422889,1.03921714,0.84654928,0.75249226,0.76617931,0.62504251,0.86249800,1.04148764,1.11939863,1.03200104,0.92450962,0.86209191,1.15172553,1.00648236,0.77476512,0.81521835,1.32674960,1.17964178,1.19989706,1.01912630,0.96129177,0.98386954
0.33454824,0.48398235,0.00000000,0.36735085,0.09476309,0.35277192,0.37828506,0.18505378,0.19058828,0.18820764,0.19759312,0.25047057,0.29274358,0.34315073,0.45130668,0.34315073,0.37514839,0.45363033,0.52353745,0.55279404,0.50816610,0.50377744,0.56532020,0.56685702,0.58089384,0.57835010,0.61261030,0.62504251,0.65724521,0.64861155,0.69422429,0.73278071,0.64329138,0.71200704,0.71208545,0.78258372,0.78940946,0.69170510,0.68788527,0.78606647,0.84901327,0.92720890,0.70278787,0.79496730,0.68848585,0.71590138,0.86137172,0.82665292,0.89444644,0.75230857,0.91422359,0.73192143,0.80399203,0.57241542,1.04200363,1.00999811,0.97421046,0.82302638,0.97600419,0.95567551
0.70189910,0.11663150,0.36735085,0.00000000,0.46211395,0.01457894,0.74563591,0.20303018,0.52628213,0.39798137,0.46882197,0.45711823,0.32976038,0.59737016,0.72326356,0.38541801,0.51762096,0.50263491,0.78759243,0.51702708,0.57141622,0.65877079,0.70425059,0.84917202,0.60484406,0.75381161,0.57615399,0.72129689,0.64616196,0.82646847,0.95698497,0.69684736,0.81281855,0.62555229,0.71114470,0.68753094,0.75970490,0.74662630,0.79059798,0.96217263,0.82146685,0.77079285,0.72231969,0.63716670,0.79750813,0.95077115,1.04261409,0.96447148,0.89369768,0.81095458,1.07952983,0.92473858,0.75401313,0.73521692,1.24694768,1.12213852,1.13078110,0.95326786,0.94239363,0.95497476
0.23978515,0.57874544,0.09476309,0.46211395,0.00000000,0.44753501,0.28352196,0.27610976,0.13430039,0.21792764,0.19028200,0.26231095,0.35149092,0.31601432,0.40628459,0.39191822,0.38950733,0.48732259,0.47809327,0.59936915,0.53330051,0.50110012,0.56380686,0.51185266,0.61147622,0.56389982,0.65594385,0.63327697,0.69245155,0.62992916,0.64328483,0.77072099,0.62764387,0.76195527,0.74243007,0.83203128,0.82391081,0.70842749,0.69123325,0.76306695,0.88118402,0.98591147,0.72836923,0.85677414,0.68993650,0.67477855,0.83470583,0.81453549,0.91878788,0.76557799,0.89139023,0.70505207,0.84278198,0.56261385,1.00426613,1.00110379,0.95281572,0.81331707,1.00648329,0.97849497
0.68732016,0.13121044,0.35277192,0.01457894,0.44753501,0.00000000,0.73105697,0.18921244,0.51213209,0.38518304,0.45549708,0.44498425,0.32044402,0.58499490,0.71083748,0.37707011,0.50768146,0.49561985,0.77551200,0.51351003,0.56450288,0.64937268,0.69557590,0.83671063,0.59963843,0.74418574,0.57317564,0.71413103,0.64261618,0.81700378,0.94522918,0.69461641,0.80357594,0.62510953,0.70755698,0.68782375,0.75751879,0.74106190,0.78350197,0.95310785,0.81944552,0.77428622,0.71798191,0.64016187,0.79021939,0.93983368,1.03354047,0.95669511,0.89084546,0.80552210,1.07105634,0.91505256,0.75265069,0.72591474,1.23738360,1.11559974,1.12269449,0.94572468,0.94102160,0.95230609
0.04373681,0.86226741,0.37828506,0.74563591,0.28352196,0.73105697,0.00000000,0.55598904,0.26565938,0.43687283,0.36738932,0.44070918,0.58654304,0.39191822,0.39598014,0.60671586,0.54020193,0.66301373,0.44680984,0.79186322,0.68555053,0.59186494,0.64808786,0.43786358,0.76828158,0.61306712,0.83784379,0.73436552,0.85376235,0.65772161,0.56322571,0.93377240,0.66459690,0.95294138,0.88910480,1.01901816,0.97602030,0.82411935,0.77386688,0.76349448,1.02482773,1.18965518,0.86447109,1.07086608,0.76762434,0.62567978,0.81772237,0.84333877,1.04090158,0.86811469,0.88231392,0.69916488,1.00431629,0.62490105,0.94061923,1.02759118,0.94432998,0.84923620,1.14063348,1.09396405
0.51255303,0.31604396,0.18505378,0.20303018,0.27610976,0.18921244,0.55598904,0.00000000,0.32413378,0.20136875,0.26752315,0.26660162,0.18877096,0.40288790,0.52775168,0.25209321,0.35274754,0.37890911,0.59482759,0.44181213,0.44538675,0.49697837,0.55060507,0.65303052,0.50084946,0.58759316,0.50466808,0.58673561,0.56325521,0.66123130,0.76656119,0.63002542,0.65038675,0.58673561,0.62510247,0.65612676,0.69127318,0.63264029,0.65537208,0.80024368,0.75346026,0.78121314,0.62564449,0.64571938,0.65965947,0.76828158,0.87993184,0.81798330,0.81257882,0.69709952,0.92355849,0.75596996,0.69713127,0.57318947,1.07762310,0.98930527,0.97899389,0.80979212,0.88038849,0.87507319
0.22799732,0.64017572,0.19058828,0.52628213,0.13430039,0.51213209,0.26565938,0.32413378,0.00000000,0.17193823,0.10272728,0.17928646,0.32147962,0.18751187,0.27202699,0.34167518,0.29384697,0.40893462,0.34394764,0.53361251,0.44234023,0.38392362,0.44615904,0.38021116,0.52427617,0.43760096,0.58379322,0.52234999,0.60873148,0.50087194,0.51046384,0.68875755,0.50007124,0.69654020,0.65183596,0.76450324,0.73679318,0.60400171,0.57533589,0.63166258,0.79050328,0.93027428,0.63270011,0.80833565,0.57259395,0.54049058,0.70204085,0.68755181,0.81913605,0.65706739,0.75970490,0.57262984,0.76064092,0.43912908,0.86997026,0.87500254,0.82146685,0.68761657,0.91248939,0.87672123
0.39781217,0.50386307,0.18820764,0.39798137,0.21792764,0.38518304,0.43687283,0.20136875,0.17193823,0.00000000,0.07864953,0.07005766,0.14967939,0.20151918,0.32659379,0.17709914,0.18758829,0.27061098,0.39348229,0.38185751,0.32124130,0.32205883,0.38198260,0.45215140,0.39647570,0.40417654,0.43802120,0.43759289,0.47580182,0.47686389,0.56542042,0.55345027,0.46886876,0.54486564,0.52785042,0.61469879,0.60770645,0.50356933,0.50154405,0.61623722,0.66597739,0.77208152,0.51649405,0.64575488,0.50281555,0.57004142,0.69427881,0.64734586,0.70801294,0.56410974,0.74279267,0.56701610,0.62540327,0.39446599,0.88569936,0.82773258,0.80098983,0.64217281,0.79220706,0.76884723
0.33053188,0.57760617,0.19759312,0.46882197,0.19028200,0.45549708,0.36738932,0.26752315,0.10272728,0.07864953,0.00000000,0.07819880,0.22356947,0.14809468,0.26605669,0.23934055,0.20117128,0.30937068,0.33647859,0.43188007,0.34797900,0.31250094,0.37504715,0.38905546,0.42851574,0.38187348,0.48337780,0.44300687,0.51185266,0.45137840,0.50923601,0.59145470,0.44665466,0.59510465,0.55805522,0.66354005,0.64161668,0.51882774,0.50154405,0.58851106,0.69705862,0.82794105,0.54158984,0.70561808,0.50065050,0.52311640,0.66381773,0.63144210,0.73080905,0.57541660,0.71672244,0.53444355,0.66356122,0.37754193,0.84648734,0.81637203,0.77687503,0.62878261,0.82092004,0.78988963
0.40545026,0.55841656,0.25047057,0.45711823,0.26231095,0.44498425,0.44070918,0.26660162,0.17928646,0.07005766,0.07819880,0.00000000,0.16765778,0.14102104,0.26684499,0.16908262,0.12765439,0.23118346,0.33053188,0.35433420,0.27157535,0.25423860,0.31518479,0.39274601,0.35124670,0.33443546,0.40524660,0.37568255,0.43410565,0.40695206,0.50094421,0.51355292,0.39922987,0.51735658,0.48139857,0.58557483,0.56432489,0.44696629,0.43756728,0.54627083,0.62037798,0.75112227,0.46623056,0.63030696,0.43802722,0.50203059,0.62423410,0.57893500,0.65647797,0.50548116,0.67298542,0.49697837,0.58568686,0.32540596,0.81596407,0.76057918,0.73139636,0.57430894,0.74491662,0.71623640
0.54729557,0.41533786,0.29274358,0.32976038,0.35149092,0.32044402,0.58654304,0.18877096,0.32147962,0.14967939,0.22356947,0.16765778,0.00000000,0.30064080,0.42233670,0.06338426,0.18900047,0.19028200,0.47815764,0.26355855,0.25747176,0.32901099,0.37578677,0.54596296,0.31258501,0.42414710,0.32529919,0.40206517,0.37845565,0.49671040,0.64057582,0.44907121,0.48313581,0.41982724,0.43875686,0.49040365,0.50875850,0.44407877,0.47132492,0.63269217,0.57029944,0.63587901,0.43754861,0.50548895,0.47663523,0.62615156,0.71311783,0.63968856,0.62588044,0.50865249,0.75146701,0.59510465,0.51852168,0.40549097,0.91720793,0.80559211,0.80419769,0.62991345,0.69774428,0.68830050
0.36718276,0.69943618,0.34315073,0.59737016,0.31601432,0.58499490,0.39191822,0.40288790,0.18751187,0.20151918,0.14809468,0.14102104,0.30064080,0.00000000,0.12594415,0.28352196,0.16463612,0.28997859,0.19204047,0.42151619,0.29868126,0.20392584,0.26417216,0.25188830,0.38045304,0.25010625,0.45856458,0.34622577,0.46556356,0.31409883,0.36439187,0.54491537,0.31267805,0.57513685,0.49771810,0.63757620,0.58481044,0.43371962,0.39335044,0.44740304,0.63292732,0.81442496,0.47255709,0.70596514,0.38940378,0.37504265,0.52039354,0.50011130,0.65077228,0.48131857,0.57582382,0.39061577,0.61443528,0.25253329,0.69902343,0.68750000,0.63701791,0.50011130,0.74923788,0.70549508
0.38417198,0.82521239,0.45130668,0.72326356,0.40628459,0.71083748,0.39598014,0.52775168,0.27202699,0.32659379,0.26605669,0.26684499,0.42233670,0.12594415,0.00000000,0.39780443,0.26165356,0.37622331,0.07235094,0.50265041,0.36397530,0.22703562,0.27030816,0.12594415,0.43825942,0.22081476,0.52816731,0.35953675,0.51866797,0.26179342,0.24375974,0.59361446,0.26881175,0.64278251,0.53691388,0.69874980,0.62293019,0.45249813,0.38688292,0.37532976,0.66243738,0.88016164,0.50515326,0.78333926,0.37890467,0.26853070,0.43889082,0.44851534,0.66379233,0.48654027,0.50019072,0.31250000,0.65806545,0.23703934,0.59825470,0.63449246,0.56266954,0.45363033,0.76775914,0.71205794
0.56967248,0.46343469,0.34315073,0.38541801,0.39191822,0.37707011,0.60671586,0.25209321,0.34167518,0.17709914,0.23934055,0.16908262,0.06338426,0.28352196,0.39780443,0.00000000,0.14533557,0.12689849,0.44713893,0.20974140,0.19431915,0.27659088,0.31900905,0.51752864,0.25002127,0.37256461,0.26959438,0.34020411,0.31850896,0.44383629,0.60290393,0.39132115,0.42910942,0.37064875,0.37754193,0.44102267,0.44981795,0.38069547,0.40960660,0.57761265,0.51081301,0.59510465,0.37502164,0.46884334,0.41535539,0.58191704,0.65802197,0.58006779,0.56419780,0.44527929,0.69411188,0.54310875,0.46182303,0.35203071,0.86402501,0.74366723,0.74566082,0.56966077,0.63831091,0.62652846
0.50962553,0.60395585,0.37514839,0.51762096,0.38950733,0.50768146,0.54020193,0.35274754,0.29384697,0.18758829,0.20117128,0.12765439,0.18900047,0.16463612,0.26165356,0.14533557,0.00000000,0.12594415,0.30458233,0.25757104,0.14850757,0.14431687,0.19909366,0.37622331,0.23073543,0.23703934,0.29838271,0.25002127,0.31570069,0.31039080,0.45759593,0.39588852,0.29836899,0.41441932,0.35813795,0.47922799,0.44295175,0.31931222,0.31429793,0.44844559,0.49697837,0.65303052,0.34050814,0.54184218,0.31607161,0.43802747,0.52854310,0.46683006,0.52972308,0.37810293,0.57085994,0.40757678,0.46746909,0.22081476,0.73005490,0.64329138,0.62632844,0.45989393,0.62005474,0.58907791
0.63081115,0.56918153,0.45363033,0.50263491,0.48732259,0.49561985,0.66301373,0.37890911,0.40893462,0.27061098,0.30937068,0.23118346,0.19028200,0.28997859,0.37622331,0.12689849,0.12594415,0.00000000,0.40744293,0.13164634,0.06896689,0.19193070,0.21610918,0.48033762,0.12750094,0.28341858,0.17520694,0.21871376,0.20523001,0.34811520,0.54138814,0.28350805,0.33053188,0.28995841,0.25846478,0.35637910,0.33710078,0.25379698,0.28796497,0.47314898,0.39573436,0.52775168,0.25133771,0.41602739,0.29506318,0.50510967,0.55261791,0.46337898,0.44239156,0.31839820,0.58265156,0.44736755,0.35563659,0.25824220,0.76177404,0.62037798,0.63093311,0.45130668,0.52246115,0.50428568
0.44001710,0.88694361,0.52353745,0.78759243,0.47809327,0.77551200,0.44680984,0.59482759,0.34394764,0.39348229,0.33647859,0.33053188,0.47815764,0.19204047,0.07235094,0.44713893,0.30458233,0.40744293,0.00000000,0.52702617,0.38341340,0.23445743,0.26278633,0.07289469,0.45027091,0.19763130,0.54474834,0.34940917,0.52547830,0.21950779,0.17280500,0.59610420,0.23118346,0.65598804,0.53504631,0.70709325,0.61859539,0.44134130,0.36397340,0.31682600,0.65240249,0.88943164,0.50028324,0.80107442,0.35406242,0.19735236,0.37500314,0.39864087,0.64434525,0.46655978,0.43808518,0.25264285,0.65637533,0.22035459,0.52723869,0.58108587,0.50051211,0.40628459,0.74997775,0.68831283
0.75845092,0.55822571,0.55279404,0.51702708,0.59936915,0.51351003,0.79186322,0.44181213,0.53361251,0.38185751,0.43188007,0.35433420,0.26355855,0.42151619,0.50265041,0.20974140,0.25757104,0.13164634,0.52702617,0.00000000,0.14502206,0.29733359,0.29876470,0.59946880,0.11017729,0.37546668,0.06288036,0.26042716,0.12913554,0.42783710,0.64565635,0.18834680,0.40770332,0.16345018,0.19411907,0.23287840,0.25022253,0.24622902,0.31956430,0.53335106,0.31267805,0.39779388,0.20796726,0.28445201,0.33084791,0.59809216,0.60819634,0.49825019,0.37835296,0.30623751,0.62553725,0.52171706,0.25574520,0.34750435,0.81750150,0.62651388,0.66488954,0.48199707,0.43895252,0.44037735
0.65640352,0.63611612,0.50816610,0.57141622,0.53330051,0.56450288,0.68555053,0.44538675,0.44234023,0.32124130,0.34797900,0.27157535,0.25747176,0.29868126,0.36397530,0.19431915,0.14850757,0.06896689,0.38341340,0.14502206,0.00000000,0.15231153,0.15985658,0.45548810,0.08278507,0.23371797,0.16428125,0.15029340,0.16823929,0.29223075,0.50151186,0.24835520,0.27330655,0.27980880,0.21008640,0.33959321,0.29445345,0.18806593,0.21930855,0.41090912,0.34908321,0.51866797,0.19541563,0.41958907,0.22678020,0.45727834,0.48948661,0.39588852,0.38678811,0.25201985,0.51682826,0.38988367,0.31948624,0.20650097,0.69931471,0.55141114,0.56381974,0.38329609,0.47334923,0.44764528
0.56966077,0.74002353,0.50377744,0.65877079,0.50110012,0.64937268,0.59186494,0.49697837,0.38392362,0.32205883,0.31250094,0.25423860,0.32901099,0.20392584,0.22703562,0.27659088,0.14431687,0.19193070,0.23445743,0.29733359,0.15231153,0.00000000,0.06271424,0.30533336,0.21584566,0.09602023,0.31059276,0.14271498,0.29292450,0.16772670,0.35090150,0.36672967,0.15445966,0.42160383,0.31016466,0.47410211,0.39660136,0.23265106,0.19142342,0.30447520,0.43868997,0.65623808,0.27956572,0.56680387,0.18912590,0.31354458,0.38474546,0.32540596,0.44907780,0.27751136,0.42658090,0.26660162,0.43112369,0.07672592,0.58826012,0.50638868,0.48244431,0.32016416,0.54982208,0.50244613
0.62751423,0.78001064,0.56532020,0.70425059,0.56380686,0.69557590,0.64808786,0.55060507,0.44615904,0.38198260,0.37504715,0.31518479,0.37578677,0.26417216,0.27030816,0.31900905,0.19909366,0.21610918,0.26278633,0.29876470,0.15985658,0.06271424,0.00000000,0.32873991,0.20141953,0.07807405,0.29906004,0.08923159,0.26714914,0.13266046,0.35046998,0.33424756,0.11448038,0.40235178,0.27228352,0.44805991,0.35607082,0.18219594,0.12937966,0.25920750,0.39259417,0.63011611,0.23770679,0.55122400,0.12652212,0.29932747,0.33944741,0.26776764,0.39518295,0.22010846,0.37568026,0.23137685,0.39358905,0.04968348,0.54714631,0.44575013,0.42907390,0.26095398,0.49809668,0.44624917
0.43826578,0.95103306,0.56685702,0.84917202,0.51185266,0.83671063,0.43786358,0.65303052,0.38021116,0.45215140,0.38905546,0.39274601,0.54596296,0.25188830,0.12594415,0.51752864,0.37622331,0.48033762,0.07289469,0.59946880,0.45548810,0.30533336,0.32873991,0.00000000,0.52069376,0.25824220,0.61592515,0.41277708,0.59414422,0.26483462,0.13334182,0.66298368,0.28013534,0.72614060,0.60046114,0.77570806,0.68249884,0.50311059,0.41994771,0.33659952,0.71328354,0.95802132,0.56460011,0.87211115,0.40893282,0.18784127,0.38231495,0.42888758,0.69961406,0.52297147,0.44780834,0.27286568,0.72131368,0.28341858,0.50882952,0.60351385,0.50904426,0.43951508,0.80577581,0.74030641
0.73918464,0.65673460,0.58089384,0.60484406,0.61147622,0.59963843,0.76828158,0.50084946,0.52427617,0.39647570,0.42851574,0.35124670,0.31258501,0.38045304,0.43825942,0.25002127,0.23073543,0.12750094,0.45027091,0.11017729,0.08278507,0.21584566,0.20141953,0.52069376,0.00000000,0.27949357,0.09764051,0.15124985,0.08548086,0.32451024,0.55188951,0.16557013,0.30383139,0.20576978,0.13138982,0.26076380,0.21310784,0.14271498,0.20943477,0.42409519,0.26973821,0.44190388,0.12500236,0.35184534,0.22067065,0.49808606,0.49829065,0.38846784,0.31511035,0.20633654,0.51546517,0.41537943,0.23680481,0.25110301,0.70741845,0.52311640,0.55558356,0.37256461,0.39573436,0.37717805
0.59702341,0.83599727,0.57835010,0.75381161,0.56389982,0.74418574,0.61306712,0.58759316,0.43760096,0.40417654,0.38187348,0.33443546,0.42414710,0.25010625,0.22081476,0.37256461,0.23703934,0.28341858,0.19763130,0.37546668,0.23371797,0.09602023,0.07807405,0.25824220,0.27949357,0.00000000,0.37713409,0.15492716,0.34354241,0.07363871,0.27239593,0.40770332,0.06499628,0.47963149,0.34351908,0.52348749,0.42443935,0.24492621,0.16747113,0.21292576,0.45551346,0.70503641,0.30687321,0.62885688,0.15861485,0.22356947,0.29234509,0.25063572,0.44725452,0.26934254,0.33863204,0.17096171,0.46372857,0.02839056,0.49320485,0.43756072,0.39703956,0.25002127,0.55261791,0.49295574
0.80596438,0.61207964,0.61261030,0.57615399,0.65594385,0.57317564,0.83784379,0.50466808,0.58379322,0.43802120,0.48337780,0.40524660,0.32529919,0.45856458,0.52816731,0.26959438,0.29838271,0.17520694,0.54474834,0.06288036,0.16428125,0.31059276,0.29906004,0.61592515,0.09764051,0.37713409,0.00000000,0.24352977,0.07384231,0.42074317,0.64953002,0.12547732,0.39988847,0.11657766,0.13745113,0.18122135,0.18753542,0.20820547,0.29361863,0.51349232,0.25002657,0.35590776,0.15814366,0.25634509,0.30617259,0.59508097,0.58480830,0.46744469,0.31768548,0.26254172,0.59606281,0.50934218,0.19330042,0.34874353,0.79190478,0.58239825,0.63107814,0.44975663,0.37610232,0.37933206
0.71237492,0.78604141,0.62504251,0.72129689,0.63327697,0.71413103,0.73436552,0.58673561,0.52234999,0.43759289,0.44300687,0.37568255,0.40206517,0.34622577,0.35953675,0.34020411,0.25002127,0.21871376,0.34940917,0.26042716,0.15029340,0.14271498,0.08923159,0.41277708,0.15124985,0.15492716,0.24352977,0.00000000,0.19604834,0.18070209,0.41884627,0.25411324,0.15960100,0.33378093,0.18885036,0.37187329,0.26973047,0.09299901,0.06946133,0.27296543,0.30378574,0.55221953,0.15194892,0.48398235,0.07650402,0.35641665,0.34811520,0.24622902,0.30701500,0.13523218,0.36958771,0.26584380,0.30880152,0.12945695,0.55785800,0.40353567,0.41442891,0.23310614,0.40918218,0.35974221
0.82458863,0.68511777,0.65724521,0.64616196,0.69245155,0.64261618,0.85376235,0.56325521,0.60873148,0.47580182,0.51185266,0.43410565,0.37845565,0.46556356,0.51866797,0.31850896,0.31570069,0.20523001,0.52547830,0.12913554,0.16823929,0.29292450,0.26714914,0.59414422,0.08548086,0.34354241,0.07384231,0.19604834,0.00000000,0.37675043,0.61339767,0.08020108,0.35564934,0.13773259,0.06499628,0.18162738,0.13217934,0.14170929,0.23482722,0.45617131,0.19236067,0.36397530,0.08495924,0.28793401,0.24816790,0.55246499,0.52404498,0.40204813,0.25063572,0.19102307,0.53081103,0.45871855,0.15190984,0.31566789,0.72858345,0.50962553,0.56295346,0.38350851,0.31983390,0.31300881
0.64543759,0.90707946,0.64861155,0.82646847,0.62992916,0.81700378,0.65772161,0.66123130,0.50087194,0.47686389,0.45137840,0.40695206,0.49671040,0.31409883,0.26179342,0.44383629,0.31039080,0.34811520,0.21950779,0.42783710,0.29223075,0.16772670,0.13266046,0.26483462,0.32451024,0.07363871,0.42074317,0.18070209,0.37675043,0.00000000,0.24167624,0.43155912,0.02110109,0.51448302,0.36431159,0.55084282,0.43793815,0.25727540,0.16286307,0.13951380,0.45969672,0.72937913,0.32526322,0.66468444,0.15020250,0.17571456,0.21871376,0.18868361,0.43739763,0.26379932,0.26621912,0.09970981,0.47964746,0.09186841,0.42053404,0.37633340,0.32562074,0.19219072,0.54364258,0.47589173
0.56712989,1.05357468,0.69422429,0.95698497,0.64328483,0.94522918,0.56322571,0.76656119,0.51046384,0.56542042,0.50923601,0.50094421,0.64057582,0.36439187,0.24375974,0.60290393,0.45759593,0.54138814,0.17280500,0.64565635,0.50151186,0.35090150,0.35046998,0.13334182,0.55188951,0.27239593,0.64953002,0.41884627,0.61339767,0.24167624,0.00000000,0.67218896,0.26211632,0.75054465,0.60541026,0.79068367,0.67955391,0.49893529,0.40368842,0.25409951,0.69938349,0.97033091,0.56661677,0.90031128,0.39057902,0.08508930,0.27767812,0.35678946,0.66974087,0.50208306,0.34323003,0.19971870,0.72132335,0.30078650,0.37805407,0.51155419,0.40096833,0.37213813,0.77506235,0.70108600
0.90474904,0.72507501,0.73278071,0.69684736,0.77072099,0.69461641,0.93377240,0.63002542,0.68875755,0.55345027,0.59145470,0.51355292,0.44907121,0.54491537,0.59361446,0.39132115,0.39588852,0.28350805,0.59610420,0.18834680,0.24835520,0.36672967,0.33424756,0.66298368,0.16557013,0.40770332,0.12547732,0.25411324,0.08020108,0.43155912,0.67218896,0.00000000,0.41069186,0.10750760,0.06809898,0.12027623,0.06292365,0.17744101,0.27661615,0.49294807,0.12521237,0.29820197,0.10780740,0.24575532,0.29042778,0.60595579,0.55390131,0.42471938,0.19948364,0.20449083,0.55137132,0.50469979,0.07215843,0.38077955,0.75123943,0.50394842,0.57563364,0.40460053,0.25063572,0.25910900
0.65102628,0.89190521,0.64329138,0.81281855,0.62764387,0.80357594,0.66459690,0.65038675,0.50007124,0.46886876,0.44665466,0.39922987,0.48313581,0.31267805,0.26881175,0.42910942,0.29836899,0.33053188,0.23118346,0.40770332,0.27330655,0.15445966,0.11448038,0.28013534,0.30383139,0.06499628,0.39988847,0.15960100,0.35564934,0.02110109,0.26211632,0.41069186,0.00000000,0.49338193,0.34354241,0.52988340,0.41775828,0.23686189,0.14360610,0.15008073,0.44051473,0.70859945,0.30458233,0.64358335,0.13130881,0.19681565,0.23028909,0.18750000,0.42025604,0.24542128,0.27418873,0.11690170,0.45930844,0.07774006,0.43493716,0.37514839,0.33216820,0.18868361,0.52651580,0.46018625
0.92037251,0.64113090,0.71200704,0.62555229,0.76195527,0.62510953,0.95294138,0.58673561,0.69654020,0.54486564,0.59510465,0.51735658,0.41982724,0.57513685,0.64278251,0.37064875,0.41441932,0.28995841,0.65598804,0.16345018,0.27980880,0.42160383,0.40235178,0.72614060,0.20576978,0.47963149,0.11657766,0.33378093,0.13773259,0.51448302,0.75054465,0.10750760,0.49338193,0.00000000,0.16765765,0.07058513,0.15685995,0.27218746,0.36941523,0.58984076,0.21008640,0.23934055,0.20503885,0.15020142,0.38303488,0.69019758,0.65451758,0.52780866,0.29445345,0.30862612,0.65552869,0.59546251,0.13515910,0.45149815,0.85504673,0.61135190,0.68181678,0.50813919,0.32016416,0.34908321
0.86203488,0.74949935,0.71208545,0.71114470,0.74243007,0.70755698,0.88910480,0.62510247,0.65183596,0.52785042,0.55805522,0.48139857,0.43875686,0.49771810,0.53691388,0.37754193,0.35813795,0.25846478,0.53504631,0.19411907,0.21008640,0.31016466,0.27228352,0.60046114,0.13138982,0.34351908,0.13745113,0.18885036,0.06499628,0.36431159,0.60541026,0.06809898,0.34354241,0.16765765,0.00000000,0.18837522,0.08720119,0.10934203,0.20851717,0.42548627,0.13900646,0.36506755,0.03970842,0.31209615,0.22232879,0.53826584,0.48780119,0.36019458,0.18750000,0.14119303,0.48788073,0.43660081,0.12147474,0.31724307,0.68739553,0.45249813,0.51514208,0.34048363,0.26435868,0.25000000
0.98717624,0.69626167,0.78258372,0.68753094,0.83203128,0.68782375,1.01901816,0.65612676,0.76450324,0.61469879,0.66354005,0.58557483,0.49040365,0.63757620,0.69874980,0.44102267,0.47922799,0.35637910,0.70709325,0.23287840,0.33959321,0.47410211,0.44805991,0.77570806,0.26076380,0.52348749,0.18122135,0.37187329,0.18162738,0.55084282,0.79068367,0.12027623,0.52988340,0.07058513,0.18837522,0.00000000,0.14205372,0.29771725,0.39689238,0.61244353,0.17860013,0.18234802,0.22808364,0.13299899,0.41070401,0.72569658,0.67162352,0.54082822,0.26578463,0.32112267,0.66573712,0.62497602,0.10487136,0.49596452,0.86558623,0.60293836,0.68596622,0.52032133,0.27017250,0.31302591
0.94862699,0.78675881,0.78940946,0.75970490,0.82391081,0.75751879,0.97602030,0.69127318,0.73679318,0.60770645,0.64161668,0.56432489,0.50875850,0.58481044,0.62293019,0.44981795,0.44295175,0.33710078,0.61859539,0.25022253,0.29445345,0.39660136,0.35607082,0.68249884,0.21310784,0.42443935,0.18753542,0.26973047,0.13217934,0.43793815,0.67955391,0.06292365,0.41775828,0.15685995,0.08720119,0.14205372,0.00000000,0.18126720,0.27648348,0.48168041,0.06250000,0.29886821,0.11836429,0.27501384,0.28995440,0.60841370,0.53597954,0.40348882,0.13900646,0.18741608,0.52628213,0.50132153,0.04335316,0.39916630,0.72576996,0.46162430,0.54452193,0.38265637,0.18917648,0.19711430
0.80083334,0.79936148,0.69170510,0.74662630,0.70842749,0.74106190,0.82411935,0.63264029,0.60400171,0.50356933,0.51882774,0.44696629,0.44407877,0.43371962,0.45249813,0.38069547,0.31931222,0.25379698,0.44134130,0.24622902,0.18806593,0.23265106,0.18219594,0.50311059,0.14271498,0.24492621,0.20820547,0.09299901,0.14170929,0.25727540,0.49893529,0.17744101,0.23686189,0.27218746,0.10934203,0.29771725,0.18126720,0.00000000,0.09917514,0.31773651,0.21113159,0.47316570,0.06963361,0.41979470,0.11298676,0.42985094,0.38313600,0.26042716,0.21705283,0.06484068,0.38921108,0.32725878,0.22246462,0.22098692,0.58689012,0.38097764,0.42288180,0.24212753,0.31722970,0.27286568
0.75478903,0.85422889,0.68788527,0.79059798,0.69123325,0.78350197,0.77386688,0.65537208,0.57533589,0.50154405,0.50154405,0.43756728,0.47132492,0.39335044,0.38688292,0.40960660,0.31429793,0.28796497,0.36397340,0.31956430,0.21930855,0.19142342,0.12937966,0.41994771,0.20943477,0.16747113,0.29361863,0.06946133,0.23482722,0.16286307,0.40368842,0.27661615,0.14360610,0.36941523,0.20851717,0.39689238,0.27648348,0.09917514,0.00000000,0.22136024,0.29692063,0.57162198,0.16880875,0.51807498,0.01381162,0.33204300,0.29119080,0.17983732,0.28042050,0.10303202,0.30605484,0.22808364,0.31886507,0.15008073,0.49895455,0.33429900,0.34786968,0.16531880,0.38626990,0.32554479
0.75652872,1.03921714,0.78606647,0.96217263,0.76306695,0.95310785,0.76349448,0.80024368,0.63166258,0.61623722,0.58851106,0.54627083,0.63269217,0.44740304,0.37532976,0.57761265,0.44844559,0.47314898,0.31682600,0.53335106,0.41090912,0.30447520,0.25920750,0.33659952,0.42409519,0.21292576,0.51349232,0.27296543,0.45617131,0.13951380,0.25409951,0.49294807,0.15008073,0.58984076,0.42548627,0.61244353,0.48168041,0.31773651,0.22136024,0.00000000,0.48571830,0.78054863,0.38625262,0.73731801,0.20814711,0.16901180,0.08044206,0.10394939,0.43904136,0.29426434,0.12844338,0.06444905,0.52503357,0.22775581,0.28864365,0.26695174,0.18981294,0.12147474,0.54038183,0.46074783
0.99877396,0.84654928,0.84901327,0.82146685,0.88118402,0.81944552,1.02482773,0.75346026,0.79050328,0.66597739,0.69705862,0.62037798,0.57029944,0.63292732,0.66243738,0.51081301,0.49697837,0.39573436,0.65240249,0.31267805,0.34908321,0.43868997,0.39259417,0.71328354,0.26973821,0.45551346,0.25002657,0.30378574,0.19236067,0.45969672,0.69938349,0.12521237,0.44051473,0.21008640,0.13900646,0.17860013,0.06250000,0.21113159,0.29692063,0.48571830,0.00000000,0.30533336,0.16040217,0.30848640,0.30950331,0.62425835,0.53232304,0.39861884,0.08720119,0.19756274,0.51502828,0.51287623,0.07606409,0.43206190,0.71218732,0.43099101,0.52628213,0.37751774,0.12750094,0.13900646
1.15603370,0.75249226,0.92720890,0.77079285,0.98591147,0.77428622,1.18965518,0.78121314,0.93027428,0.77208152,0.82794105,0.75112227,0.63587901,0.81442496,0.88016164,0.59510465,0.65303052,0.52775168,0.88943164,0.39779388,0.51866797,0.65623808,0.63011611,0.95802132,0.44190388,0.70503641,0.35590776,0.55221953,0.36397530,0.72937913,0.97033091,0.29820197,0.70859945,0.23934055,0.36506755,0.18234802,0.29886821,0.47316570,0.57162198,0.78054863,0.30533336,0.00000000,0.40424689,0.13612718,0.58535275,0.90299631,0.83353773,0.70028168,0.38077955,0.48628429,0.81967742,0.79872758,0.25551506,0.67771030,1.01742629,0.73101420,0.83150605,0.67926741,0.33179684,0.40561597
0.83867781,0.76617931,0.70278787,0.72231969,0.72836923,0.71798191,0.86447109,0.62564449,0.63270011,0.51649405,0.54158984,0.46623056,0.43754861,0.47255709,0.50515326,0.37502164,0.34050814,0.25133771,0.50028324,0.20796726,0.19541563,0.27956572,0.23770679,0.56460011,0.12500236,0.30687321,0.15814366,0.15194892,0.08495924,0.32526322,0.56661677,0.10780740,0.30458233,0.20503885,0.03970842,0.22808364,0.11836429,0.06963361,0.16880875,0.38625262,0.16040217,0.40424689,0.00000000,0.35109026,0.18262037,0.49884732,0.44953381,0.32324781,0.19165857,0.10703988,0.45147983,0.39689238,0.15686026,0.28118261,0.65056667,0.42466629,0.48080951,0.30389783,0.27979863,0.25313388
1.03566586,0.62504251,0.79496730,0.63716670,0.85677414,0.64016187,1.07086608,0.64571938,0.80833565,0.64575488,0.70561808,0.63030696,0.50548895,0.70596514,0.78333926,0.46884334,0.54184218,0.41602739,0.80107442,0.28445201,0.41958907,0.56680387,0.55122400,0.87211115,0.35184534,0.62885688,0.25634509,0.48398235,0.28793401,0.66468444,0.90031128,0.24575532,0.64358335,0.15020142,0.31209615,0.13299899,0.27501384,0.41979470,0.51807498,0.73731801,0.30848640,0.13612718,0.35109026,0.00000000,0.53178834,0.84039900,0.79958251,0.67034005,0.39496551,0.45008663,0.79644081,0.74500110,0.23721749,0.60061351,0.99637064,0.73576867,0.81821404,0.65010800,0.38207812,0.43721163
0.74919411,0.86249800,0.68848585,0.79750813,0.68993650,0.79021939,0.76762434,0.65965947,0.57259395,0.50281555,0.50065050,0.43802722,0.47663523,0.38940378,0.37890467,0.41535539,0.31607161,0.29506318,0.35406242,0.33084791,0.22678020,0.18912590,0.12652212,0.40893282,0.22067065,0.15861485,0.30617259,0.07650402,0.24816790,0.15020250,0.39057902,0.29042778,0.13130881,0.38303488,0.22232879,0.41070401,0.28995440,0.11298676,0.01381162,0.20814711,0.30950331,0.58535275,0.18262037,0.53178834,0.00000000,0.31848886,0.27877954,0.17017859,0.29083731,0.11431971,0.29525988,0.21427201,0.33241980,0.14290051,0.48705087,0.32964610,0.33841121,0.15662847,0.39689927,0.33455955
0.62517001,1.04148764,0.71590138,0.95077115,0.67477855,0.93983368,0.62567978,0.76828158,0.54049058,0.57004142,0.52311640,0.50203059,0.62615156,0.37504265,0.26853070,0.58191704,0.43802747,0.50510967,0.19735236,0.59809216,0.45727834,0.31354458,0.29932747,0.18784127,0.49808606,0.22356947,0.59508097,0.35641665,0.55246499,0.17571456,0.08508930,0.60595579,0.19681565,0.69019758,0.53826584,0.72569658,0.60841370,0.42985094,0.33204300,0.16901180,0.62425835,0.90299631,0.49884732,0.84039900,0.31848886,0.00000000,0.19783656,0.27183203,0.59018969,0.42673648,0.26380249,0.11625398,0.65090296,0.25095362,0.32989115,0.42851574,0.32364796,0.28747862,0.69480637,0.61925771
0.81394819,1.11939863,0.86137172,1.04261409,0.83470583,1.03354047,0.81772237,0.87993184,0.70204085,0.69427881,0.66381773,0.62423410,0.71311783,0.52039354,0.43889082,0.65802197,0.52854310,0.55261791,0.37500314,0.60819634,0.48948661,0.38474546,0.33944741,0.38231495,0.49829065,0.29234509,0.58480830,0.34811520,0.52404498,0.21871376,0.27767812,0.55390131,0.23028909,0.65451758,0.48780119,0.67162352,0.53597954,0.38313600,0.29119080,0.08044206,0.53232304,0.83353773,0.44953381,0.79958251,0.27877954,0.19783656,0.00000000,0.13370420,0.47563773,0.35052398,0.06596595,0.12978404,0.57905900,0.30802033,0.21005093,0.23657067,0.12676851,0.15480529,0.57129530,0.48780119
0.83268630,1.03200104,0.82665292,0.96447148,0.81453549,0.95669511,0.84333877,0.81798330,0.68755181,0.64734586,0.63144210,0.57893500,0.63968856,0.50011130,0.44851534,0.58006779,0.46683006,0.46337898,0.39864087,0.49825019,0.39588852,0.32540596,0.26776764,0.42888758,0.38846784,0.25063572,0.46744469,0.24622902,0.40204813,0.18868361,0.35678946,0.42471938,0.18750000,0.52780866,0.36019458,0.54082822,0.40348882,0.26042716,0.17983732,0.10394939,0.39861884,0.70028168,0.32324781,0.67034005,0.17017859,0.27183203,0.13370420,0.00000000,0.34354241,0.22025634,0.12878552,0.15932595,0.44636923,0.25423860,0.32732107,0.18779660,0.16823929,0.02110109,0.44180045,0.36019458
1.01787665,0.92450962,0.89444644,0.89369768,0.91878788,0.89084546,1.04090158,0.81257882,0.81913605,0.70801294,0.73080905,0.65647797,0.62588044,0.65077228,0.66379233,0.56419780,0.52972308,0.44239156,0.64434525,0.37835296,0.38678811,0.44907780,0.39518295,0.69961406,0.31511035,0.44725452,0.31768548,0.30701500,0.25063572,0.43739763,0.66974087,0.19948364,0.42025604,0.29445345,0.18750000,0.26578463,0.13900646,0.21705283,0.28042050,0.43904136,0.08720119,0.38077955,0.19165857,0.39496551,0.29083731,0.59018969,0.47563773,0.34354241,0.00000000,0.17791633,0.45041243,0.47515946,0.16271098,0.42740428,0.64336526,0.35031886,0.45472806,0.32281628,0.10626270,0.06250000
0.84693248,0.86209191,0.75230857,0.81095458,0.76557799,0.80552210,0.86811469,0.69709952,0.65706739,0.56410974,0.57541660,0.50548116,0.50865249,0.48131857,0.48654027,0.44527929,0.37810293,0.31839820,0.46655978,0.30623751,0.25201985,0.27751136,0.22010846,0.52297147,0.20633654,0.26934254,0.26254172,0.13523218,0.19102307,0.26379932,0.50208306,0.20449083,0.24542128,0.30862612,0.14119303,0.32112267,0.18741608,0.06484068,0.10303202,0.29426434,0.19756274,0.48628429,0.10703988,0.45008663,0.11431971,0.42673648,0.35052398,0.22025634,0.17791633,0.00000000,0.34709544,0.31623201,0.23076923,0.24974401,0.54686386,0.32056405,0.37417441,0.20011220,0.28342876,0.22624206
0.87776639,1.15172553,0.91422359,1.07952983,0.89139023,1.07105634,0.88231392,0.92355849,0.75970490,0.74279267,0.71672244,0.67298542,0.75146701,0.57582382,0.50019072,0.69411188,0.57085994,0.58265156,0.43808518,0.62553725,0.51682826,0.42658090,0.37568026,0.44780834,0.51546517,0.33863204,0.59606281,0.36958771,0.53081103,0.26621912,0.34323003,0.55137132,0.27418873,0.65552869,0.48788073,0.66573712,0.52628213,0.38921108,0.30605484,0.12844338,0.51502828,0.81967742,0.45147983,0.79644081,0.29525988,0.26380249,0.06596595,0.12878552,0.45041243,0.34709544,0.00000000,0.18800801,0.56848794,0.35054870,0.19992998,0.17547599,0.06250000,0.14759086,0.53998065,0.45472806
0.69254556,1.00648236,0.73192143,0.92473858,0.70505207,0.91505256,0.69916488,0.75596996,0.57262984,0.56701610,0.53444355,0.49697837,0.59510465,0.39061577,0.31250000,0.54310875,0.40757678,0.44736755,0.25264285,0.52171706,0.38988367,0.26660162,0.23137685,0.27286568,0.41537943,0.17096171,0.50934218,0.26584380,0.45871855,0.09970981,0.19971870,0.50469979,0.11690170,0.59546251,0.43660081,0.62497602,0.50132153,0.32725878,0.22808364,0.06444905,0.51287623,0.79872758,0.39689238,0.74500110,0.21427201,0.11625398,0.12978404,0.15932595,0.47515946,0.31623201,0.18800801,0.00000000,0.54436329,0.19145861,0.32249409,0.33107692,0.25038123,0.17320286,0.57926492,0.50311059
0.97577483,0.77476512,0.80399203,0.75401313,0.84278198,0.75265069,1.00431629,0.69713127,0.76064092,0.62540327,0.66356122,0.58568686,0.51852168,0.61443528,0.65806545,0.46182303,0.46746909,0.35563659,0.65637533,0.25574520,0.31948624,0.43112369,0.39358905,0.72131368,0.23680481,0.46372857,0.19330042,0.30880152,0.15190984,0.47964746,0.72132335,0.07215843,0.45930844,0.13515910,0.12147474,0.10487136,0.04335316,0.22246462,0.31886507,0.52503357,0.07606409,0.25551506,0.15686026,0.23721749,0.33241980,0.65090296,0.57905900,0.44636923,0.16271098,0.23076923,0.56848794,0.54436329,0.00000000,0.43791268,0.76773308,0.49862257,0.58541421,0.42548627,0.18838352,0.21449035
0.60712730,0.81521835,0.57241542,0.73521692,0.56261385,0.72591474,0.62490105,0.57318947,0.43912908,0.39446599,0.37754193,0.32540596,0.40549097,0.25253329,0.23703934,0.35203071,0.22081476,0.25824220,0.22035459,0.34750435,0.20650097,0.07672592,0.04968348,0.28341858,0.25110301,0.02839056,0.34874353,0.12945695,0.31566789,0.09186841,0.30078650,0.38077955,0.07774006,0.45149815,0.31724307,0.49596452,0.39916630,0.22098692,0.15008073,0.22775581,0.43206190,0.67771030,0.28118261,0.60061351,0.14290051,0.25095362,0.30802033,0.25423860,0.42740428,0.24974401,0.35054870,0.19145861,0.43791268,0.00000000,0.51210062,0.43895252,0.40725071,0.25125981,0.53211338,0.47501912
0.94518391,1.32674960,1.04200363,1.24694768,1.00426613,1.23738360,0.94061923,1.07762310,0.86997026,0.88569936,0.84648734,0.81596407,0.91720793,0.69902343,0.59825470,0.86402501,0.73005490,0.76177404,0.52723869,0.81750150,0.69931471,0.58826012,0.54714631,0.50882952,0.70741845,0.49320485,0.79190478,0.55785800,0.72858345,0.42053404,0.37805407,0.75123943,0.43493716,0.85504673,0.68739553,0.86558623,0.72576996,0.58689012,0.49895455,0.28864365,0.71218732,1.01742629,0.65056667,0.99637064,0.48705087,0.32989115,0.21005093,0.32732107,0.64336526,0.54686386,0.19992998,0.32249409,0.76773308,0.51210062,0.00000000,0.31924129,0.18990984,0.34691649,0.72626127,0.64032227
1.01841393,1.17964178,1.00999811,1.12213852,1.00110379,1.11559974,1.02759118,0.98930527,0.87500254,0.82773258,0.81637203,0.76057918,0.80559211,0.68750000,0.63449246,0.74366723,0.64329138,0.62037798,0.58108587,0.62651388,0.55141114,0.50638868,0.44575013,0.60351385,0.52311640,0.43756072,0.58239825,0.40353567,0.50962553,0.37633340,0.51155419,0.50394842,0.37514839,0.61135190,0.45249813,0.60293836,0.46162430,0.38097764,0.33429900,0.26695174,0.43099101,0.73101420,0.42466629,0.73576867,0.32964610,0.42851574,0.23657067,0.18779660,0.35031886,0.32056405,0.17547599,0.33107692,0.49862257,0.43895252,0.31924129,0.00000000,0.13810530,0.18779660,0.41789790,0.33317346
0.94008249,1.19989706,0.97421046,1.13078110,0.95281572,1.12269449,0.94432998,0.97899389,0.82146685,0.80098983,0.77687503,0.73139636,0.80419769,0.63701791,0.56266954,0.74566082,0.62632844,0.63093311,0.50051211,0.66488954,0.56381974,0.48244431,0.42907390,0.50904426,0.55558356,0.39703956,0.63107814,0.41442891,0.56295346,0.32562074,0.40096833,0.57563364,0.33216820,0.68181678,0.51514208,0.68596622,0.54452193,0.42288180,0.34786968,0.18981294,0.52628213,0.83150605,0.48080951,0.81821404,0.33841121,0.32364796,0.12676851,0.16823929,0.45472806,0.37417441,0.06250000,0.25038123,0.58541421,0.40725071,0.18990984,0.13810530,0.00000000,0.18303501,0.53635143,0.45041243
0.83755747,1.01912630,0.82302638,0.95326786,0.81331707,0.94572468,0.84923620,0.80979212,0.68761657,0.64217281,0.62878261,0.57430894,0.62991345,0.50011130,0.45363033,0.56966077,0.45989393,0.45130668,0.40628459,0.48199707,0.38329609,0.32016416,0.26095398,0.43951508,0.37256461,0.25002127,0.44975663,0.23310614,0.38350851,0.19219072,0.37213813,0.40460053,0.18868361,0.50813919,0.34048363,0.52032133,0.38265637,0.24212753,0.16531880,0.12147474,0.37751774,0.67926741,0.30389783,0.65010800,0.15662847,0.28747862,0.15480529,0.02110109,0.32281628,0.20011220,0.14759086,0.17320286,0.42548627,0.25125981,0.34691649,0.18779660,0.18303501,0.00000000,0.42160383,0.34048363
1.11629929,0.96129177,0.97600419,0.94239363,1.00648329,0.94102160,1.14063348,0.88038849,0.91248939,0.79220706,0.82092004,0.74491662,0.69774428,0.74923788,0.76775914,0.63831091,0.62005474,0.52246115,0.74997775,0.43895252,0.47334923,0.54982208,0.49809668,0.80577581,0.39573436,0.55261791,0.37610232,0.40918218,0.31983390,0.54364258,0.77506235,0.25063572,0.52651580,0.32016416,0.26435868,0.27017250,0.18917648,0.31722970,0.38626990,0.54038183,0.12750094,0.33179684,0.27979863,0.38207812,0.39689927,0.69480637,0.57129530,0.44180045,0.10626270,0.28342876,0.53998065,0.57926492,0.18838352,0.53211338,0.72626127,0.41789790,0.53635143,0.42160383,0.00000000,0.08593900
1.07207935,0.98386954,0.95567551,0.95497476,0.97849497,0.95230609,1.09396405,0.87507319,0.87672123,0.76884723,0.78988963,0.71623640,0.68830050,0.70549508,0.71205794,0.62652846,0.58907791,0.50428568,0.68831283,0.44037735,0.44764528,0.50244613,0.44624917,0.74030641,0.37717805,0.49295574,0.37933206,0.35974221,0.31300881,0.47589173,0.70108600,0.25910900,0.46018625,0.34908321,0.25000000,0.31302591,0.19711430,0.27286568,0.32554479,0.46074783,0.13900646,0.40561597,0.25313388,0.43721163,0.33455955,0.61925771,0.48780119,0.36019458,0.06250000,0.22624206,0.45472806,0.50311059,0.21449035,0.47501912,0.64032227,0.33317346,0.45041243,0.34048363,0.08593900,0.00000000
