0.00000000,0.22742405,0.48647524,0.28464419,0.67623804,0.02767374,0.10466084,0.29885262,0.23128827,0.26921705,0.43906426,0.55745794,0.48406753,0.47726057,0.28987575,0.41914868,0.53177576,0.63242376,0.78937043,0.76550146,0.96275489,0.93496225,0.60834671,0.58385352,0.90823970,0.83276856,0.84094287,0.53724511,1.10480946,0.94358243,0.99901908,0.84171571,0.65168539,1.22504607,1.07044765,0.81772784,0.57371738,0.74793413,1.11857202,1.35889662,0.83871351,0.79427501,1.21330480,0.78232566,1.17704060,1.16155401,1.06063849,1.23298258,1.41228227,0.92949290,0.89001843,1.16042447,1.42726354,1.30441115,0.99060698,0.91014208,0.72504607,1.19422151,1.38044706,1.62416028
0.22742405,0.00000000,0.25905119,0.51206825,0.44881398,0.19975031,0.33208489,0.07142857,0.28185007,0.38677843,0.35978836,0.33003389,0.71149159,0.70468462,0.50897687,0.52256108,0.75919981,0.40499970,0.56194638,0.53807740,0.73533084,0.70753820,0.47622020,0.81127757,0.68081565,1.06019262,1.06836692,0.76466916,0.87738541,1.17100648,0.77159503,0.61429166,0.57573866,0.99762202,0.84302360,0.59030379,0.79656382,0.76520421,0.89114797,1.13147256,0.81728197,0.57600618,0.98588074,1.00974972,0.94961655,1.38897806,0.88107128,1.46040663,1.18485821,0.86935973,1.11744248,0.93300042,1.19983949,1.53183521,1.21803103,0.88871054,0.78809227,0.96679746,1.15302301,1.39673622
0.48647524,0.25905119,0.00000000,0.77111943,0.18976280,0.45880150,0.59113608,0.33047976,0.54090125,0.64582962,0.61883955,0.50044587,0.97054277,0.96373581,0.76802806,0.78161227,1.01825100,0.56833720,0.55424767,0.72097378,0.52372035,0.44848701,0.73527139,1.07032876,0.57823554,1.31924380,1.32741811,1.02372035,0.61833423,1.43005767,0.63031330,0.78761667,0.83478985,0.73857083,0.70174187,0.66874740,1.05561501,1.02425540,0.79647464,0.87242138,1.07633315,0.83505737,0.84459901,1.26880090,0.73800606,1.64802925,1.14012247,1.71945782,0.92580703,1.12841091,1.37649367,0.67394923,0.94078830,1.79088639,1.47708222,1.14776173,1.04714345,1.00653944,0.89397182,1.13768504
0.28464419,0.51206825,0.77111943,0.00000000,0.96088223,0.31231794,0.17998335,0.58349682,0.51593247,0.55386124,0.72370846,0.84210213,0.51486237,0.66452648,0.57451995,0.70379288,0.61001130,0.91706795,1.07401462,1.05014565,1.24739908,1.21960644,0.89299090,0.70079068,1.19288390,0.59473277,0.72941561,0.74739908,1.38945366,0.76963320,1.28366328,1.12635991,0.93632959,1.50969027,1.35509185,1.10237203,0.85836157,1.03257832,1.40321622,1.64354081,1.12335771,1.07891921,1.49794899,0.93088996,1.46168480,0.87690982,1.34528268,0.94833839,1.69692646,1.21413709,1.10891148,1.44506866,1.71190773,1.01976696,0.72260864,1.19478628,1.00969027,1.47886570,1.66509125,1.90880447
0.67623804,0.44881398,0.18976280,0.96088223,0.00000000,0.64856429,0.78089888,0.52024255,0.73066405,0.83559241,0.80860234,0.69020867,1.16030557,1.15349860,0.95779086,0.97137507,1.20801379,0.75809999,0.74401046,0.91073658,0.71348315,0.45556150,0.92503418,1.26009155,0.76799834,1.50900660,1.51718090,1.21348315,0.42857143,1.61982046,0.82007610,0.97737947,1.02455264,0.73690625,0.89150467,0.85851020,1.24537780,1.21401819,0.98623744,0.74591285,1.26609595,1.02482017,1.03436181,1.45856370,0.92776886,1.83779205,1.32988526,1.90922062,0.97824148,1.31817371,1.56625647,0.51581357,0.96326021,1.98064919,1.66684502,1.33752452,1.23690625,1.19630224,1.01007669,0.94792224
0.02767374,0.19975031,0.45880150,0.31231794,0.64856429,0.00000000,0.13233458,0.27117888,0.20361453,0.24154331,0.41139052,0.52978420,0.51174128,0.50493431,0.30922656,0.39147494,0.55944950,0.60475001,0.76169669,0.73782772,0.93508115,0.90728851,0.58067297,0.61152726,0.88056596,0.86044230,0.86861661,0.56491885,1.07713572,0.97125617,0.97134534,0.81404197,0.62401165,1.19737233,1.04277391,0.79005410,0.59681351,0.72026039,1.09089828,1.33122288,0.81103977,0.76660127,1.18563106,0.80999941,1.14936686,1.18922775,1.03296475,1.26065632,1.38460853,0.90181915,0.91769217,1.13275073,1.39958980,1.33208489,1.01828072,0.88246834,0.69737233,1.16654777,1.35277332,1.59648653
0.10466084,0.33208489,0.59113608,0.17998335,0.78089888,0.13233458,0.00000000,0.40351347,0.33594911,0.37387789,0.54372511,0.66211878,0.37940669,0.48454313,0.39453659,0.52380952,0.43002794,0.73708460,0.89403127,0.87016230,1.06741573,1.03962309,0.71300755,0.52080732,1.01290054,0.72810772,0.73628203,0.56741573,1.20947030,0.83892159,1.10367992,0.94637655,0.75634623,1.32970691,1.17510850,0.92238868,0.67837822,0.85259497,1.22323286,1.46355746,0.94337435,0.89893585,1.31796564,0.75090660,1.28170144,1.05689317,1.16529933,1.12832174,1.51694311,1.03415374,0.92892813,1.26508531,1.53192438,1.19975031,0.88594614,1.01480292,0.82970691,1.29888235,1.48510790,1.72882112
0.29885262,0.07142857,0.33047976,0.58349682,0.52024255,0.27117888,0.40351347,0.00000000,0.21042150,0.31534986,0.28835979,0.25860531,0.64006302,0.63325605,0.43754830,0.45113251,0.68777124,0.33357113,0.49051781,0.46664883,0.66390227,0.63610962,0.40479163,0.73984900,0.60938708,0.98876404,0.99693835,0.69324059,0.80595684,1.09957791,0.70016646,0.54286309,0.50431009,0.92619345,0.77159503,0.51887522,0.72513525,0.69377564,0.81971940,1.06004399,0.74585340,0.50457761,0.91445217,0.93832115,0.87818798,1.31754949,0.80964271,1.38897806,1.11342964,0.79793116,1.04601391,0.86157184,1.12841091,1.46040663,1.14660246,0.81728197,0.71666369,0.89536888,1.08159444,1.32530765
0.23128827,0.28185007,0.54090125,0.51593247,0.73066405,0.20361453,0.33594911,0.21042150,0.00000000,0.10492836,0.20777599,0.32616967,0.42964152,0.42283455,0.22712681,0.24071102,0.47734974,0.40113549,0.55808216,0.53421319,0.73146662,0.70367398,0.37705844,0.52942750,0.67695143,0.77834255,0.78651685,0.48281910,0.87352119,0.88915641,0.76773081,0.61042744,0.42039712,0.99375780,0.83915938,0.58643957,0.51471375,0.51664586,0.88728375,1.12760835,0.60742524,0.56298674,0.98201653,0.72789965,0.94575233,1.10712799,0.82935022,1.17855657,1.18099400,0.69820463,0.83559241,0.92913620,1.19597527,1.24998514,0.93618096,0.67885381,0.50624220,0.96293324,1.14915879,1.39287201
0.26921705,0.38677843,0.64582962,0.55386124,0.83559241,0.24154331,0.37387789,0.31534986,0.10492836,0.00000000,0.16984721,0.28824089,0.32471316,0.31790619,0.12219844,0.14993163,0.37242138,0.36320671,0.52015338,0.49628441,0.69353784,0.66574520,0.33912966,0.42449914,0.63902265,0.67341418,0.68158849,0.37789073,0.83559241,0.78422805,0.72980203,0.57249866,0.38246834,0.95582902,0.80123060,0.54851079,0.40978539,0.47871708,0.84935497,1.08967957,0.56949646,0.52505796,0.94408775,0.62297129,0.90782355,1.00219963,0.79142144,1.07362820,1.14306522,0.66027585,0.73066405,0.89120742,1.15804649,1.14505677,0.83125260,0.64092503,0.45582902,0.92500446,1.11123001,1.35494323
0.43906426,0.35978836,0.61883955,0.72370846,0.80860234,0.41139052,0.54372511,0.28835979,0.20777599,0.16984721,0.00000000,0.11839367,0.35170323,0.34489626,0.14918851,0.16277272,0.39941145,0.19335949,0.35030616,0.32643719,0.52369062,0.49589798,0.16928244,0.45148921,0.46917544,0.70040426,0.70857856,0.40488080,0.66574520,0.81121812,0.55995482,0.40265145,0.21595030,0.78598181,0.63138339,0.37866358,0.43677546,0.40541585,0.67950776,0.91983235,0.45749361,0.35521075,0.77424053,0.64996136,0.73797634,1.02918970,0.62157422,1.10061827,0.97321800,0.50957137,0.75765412,0.72136020,0.98819927,1.17204685,0.85824267,0.52892218,0.42830391,0.75515724,0.94138280,1.18509601
0.55745794,0.33003389,0.50044587,0.84210213,0.69020867,0.52978420,0.66211878,0.25860531,0.32616967,0.28824089,0.11839367,0.00000000,0.47009690,0.46328994,0.26758219,0.28116640,0.51780512,0.07496582,0.23191249,0.22052791,0.40529695,0.37750431,0.23482552,0.56988288,0.35078176,0.81879793,0.82697224,0.52327448,0.54735152,0.92961179,0.44156114,0.28717080,0.33434397,0.66758813,0.51298972,0.26026990,0.55516913,0.52380952,0.56111408,0.80143868,0.57588728,0.33461150,0.65584686,0.76835503,0.61958266,1.14758338,0.63967659,1.21901195,0.85482433,0.62796504,0.87604780,0.60296653,0.86980560,1.29044052,0.97663635,0.64731586,0.54669758,0.63676357,0.82298912,1.06670234
0.48406753,0.71149159,0.97054277,0.51486237,1.16030557,0.51174128,0.37940669,0.64006302,0.42964152,0.32471316,0.35170323,0.47009690,0.00000000,0.14966411,0.20251471,0.18893050,0.09514892,0.40220558,0.55915225,0.53528328,0.73253671,0.70474407,0.37812853,0.18592830,0.67802152,0.34870103,0.35687533,0.23253671,0.87459128,0.45951489,0.76880090,0.61149753,0.42146721,0.99482789,0.84022948,0.58750966,0.34349920,0.51771595,0.88835384,1.12867844,0.60849533,0.56405683,0.98308662,0.41602758,0.94682242,0.67748648,0.83042031,0.74891505,1.18206409,0.69927472,0.59404911,0.93020629,1.19704536,0.82034362,0.50653944,0.67992390,0.49482789,0.96400333,1.15022888,1.39394210
0.47726057,0.70468462,0.96373581,0.66452648,1.15349860,0.50493431,0.48454313,0.63325605,0.42283455,0.31790619,0.34489626,0.46328994,0.14966411,0.00000000,0.19570775,0.18212354,0.05451519,0.39539861,0.40948814,0.38561917,0.58287260,0.69793710,0.22846442,0.10659295,0.52835741,0.35550800,0.36368230,0.08287260,0.72492717,0.46632186,0.61913679,0.46183342,0.27180310,0.84516378,0.69056536,0.43784555,0.19383509,0.36805184,0.73868973,0.97901433,0.45883122,0.41439272,0.83342251,0.30506510,0.79715831,0.68429344,0.68075620,0.75572201,1.03239998,0.54961061,0.44438499,0.78054218,1.04738125,0.82715059,0.51334641,0.53025979,0.34516378,0.81433922,1.00056477,1.24427799
0.28987575,0.50897687,0.76802806,0.57451995,0.95779086,0.30922656,0.39453659,0.43754830,0.22712681,0.12219844,0.14918851,0.26758219,0.20251471,0.19570775,0.00000000,0.12927293,0.25022294,0.34254801,0.49949468,0.47562571,0.67287914,0.64508650,0.31847096,0.30230070,0.61836395,0.55121574,0.55939005,0.25569229,0.81493371,0.66202961,0.70914333,0.55183996,0.36180964,0.93517032,0.78057190,0.52785209,0.28758694,0.45805838,0.82869627,1.06902087,0.54883776,0.50439926,0.92342905,0.50077284,0.88716485,0.88000119,0.77076274,0.95142976,1.12240652,0.63961715,0.60846561,0.87054872,1.13738779,1.02285833,0.70905416,0.62026633,0.43517032,0.90434576,1.09057131,1.33428453
0.41914868,0.52256108,0.78161227,0.70379288,0.97137507,0.39147494,0.52380952,0.45113251,0.24071102,0.14993163,0.16277272,0.28116640,0.18893050,0.18212354,0.12927293,0.00000000,0.23663873,0.21327507,0.37022175,0.34635277,0.54360621,0.51581357,0.18919803,0.28871649,0.48909102,0.53763153,0.54580584,0.24210808,0.68566078,0.64844540,0.57987040,0.42256703,0.23253671,0.80589739,0.65129897,0.39857916,0.27400273,0.32878545,0.69942334,0.93974793,0.41956483,0.37512633,0.79415611,0.48718863,0.75789192,0.86641698,0.64148980,0.93784555,0.99313358,0.51034421,0.59488140,0.74127579,1.00811486,1.00927412,0.69546995,0.49099340,0.30589739,0.77507283,0.96129838,1.20501159
0.53177576,0.75919981,1.01825100,0.61001130,1.20801379,0.55944950,0.43002794,0.68777124,0.47734974,0.37242138,0.39941145,0.51780512,0.09514892,0.05451519,0.25022294,0.23663873,0.00000000,0.44991380,0.46400333,0.44013436,0.63738779,0.75245229,0.28297961,0.09077938,0.58287260,0.30099281,0.30916711,0.13738779,0.77944236,0.41180667,0.67365198,0.51634861,0.32631829,0.89967897,0.74508055,0.49236074,0.24835028,0.42256703,0.79320492,1.03352952,0.51334641,0.46890791,0.88793770,0.32087866,0.85167350,0.62977825,0.73527139,0.70120682,1.08691517,0.60412580,0.49890018,0.83505737,1.10189644,0.77263540,0.45883122,0.58477498,0.39967897,0.86885441,1.05507996,1.29879318
0.63242376,0.40499970,0.56833720,0.91706795,0.75809999,0.60475001,0.73708460,0.33357113,0.40113549,0.36320671,0.19335949,0.07496582,0.40220558,0.39539861,0.34254801,0.21327507,0.44991380,0.00000000,0.15694667,0.15263659,0.33033113,0.30253849,0.16693419,0.50199156,0.27581594,0.75090660,0.75908091,0.45538315,0.47238571,0.86172047,0.36659533,0.21927947,0.26645265,0.59262232,0.43802390,0.18530408,0.48727781,0.45591820,0.48614827,0.72647286,0.50799596,0.26672017,0.58088104,0.70046371,0.54461685,1.07969205,0.57178527,1.15112062,0.77985851,0.56007372,0.80815647,0.52800071,0.79483978,1.22254919,0.90874502,0.57942453,0.47880625,0.56179775,0.74802330,0.99173652
0.78937043,0.56194638,0.55424767,1.07401462,0.74401046,0.76169669,0.89403127,0.49051781,0.55808216,0.52015338,0.35030616,0.23191249,0.55915225,0.40948814,0.49949468,0.37022175,0.46400333,0.15694667,0.00000000,0.16672612,0.17338446,0.28844896,0.18102372,0.51608109,0.11886927,0.76499614,0.77317044,0.46947268,0.31543903,0.87581000,0.20964865,0.23336900,0.28054218,0.43567564,0.28107722,0.11449973,0.50136734,0.47000773,0.32920159,0.56952619,0.52208549,0.28080970,0.42393437,0.71455324,0.38767017,1.09378158,0.58587480,1.16521015,0.62291184,0.57416325,0.82224600,0.37105404,0.63789311,1.23663873,0.92283455,0.59351406,0.49289579,0.45229178,0.59107663,0.83478985
0.76550146,0.53807740,0.72097378,1.05014565,0.91073658,0.73782772,0.87016230,0.46664883,0.53421319,0.49628441,0.32643719,0.22052791,0.53528328,0.38561917,0.47562571,0.34635277,0.44013436,0.15263659,0.16672612,0.00000000,0.19725343,0.45517508,0.15715475,0.34935497,0.14273824,0.59827002,0.60644433,0.30274657,0.48216515,0.70908388,0.23351763,0.07621426,0.11381606,0.45954462,0.30494620,0.05222638,0.33464122,0.30328161,0.35307057,0.59339516,0.35535937,0.11408359,0.44780334,0.54782712,0.41153915,0.92705547,0.41914868,0.99848404,0.64678081,0.40743713,0.65551989,0.39492301,0.66176208,1.06991261,0.75610844,0.42678794,0.32616967,0.42872005,0.61494560,0.85865882
0.96275489,0.73533084,0.52372035,1.24739908,0.71348315,0.93508115,1.06741573,0.66390227,0.73146662,0.69353784,0.52369062,0.40529695,0.73253671,0.58287260,0.67287914,0.54360621,0.63738779,0.33033113,0.17338446,0.19725343,0.00000000,0.25792165,0.35440818,0.54660841,0.05451519,0.79552345,0.80369776,0.50000000,0.28491172,0.90633732,0.10659295,0.26389632,0.31106950,0.26229118,0.17802152,0.14502705,0.53189466,0.50053505,0.27275430,0.39614173,0.55261281,0.31133702,0.32087866,0.74508055,0.21428571,1.12430890,0.61640212,1.19573747,0.44952738,0.60469057,0.85277332,0.19766958,0.46450865,1.26716604,0.95336187,0.62404138,0.52342310,0.48281910,0.41769217,0.66140539
0.93496225,0.70753820,0.44848701,1.21960644,0.45556150,0.90728851,1.03962309,0.63610962,0.70367398,0.66574520,0.49589798,0.37750431,0.70474407,0.69793710,0.64508650,0.51581357,0.75245229,0.30253849,0.28844896,0.45517508,0.25792165,0.00000000,0.46947268,0.80453005,0.31243683,1.05344510,1.06161940,0.75792165,0.16984721,1.16425896,0.36451459,0.52181797,0.56899114,0.29008382,0.43594317,0.40294870,0.78981630,0.75845669,0.53067594,0.42393437,0.81053445,0.56925866,0.57880031,1.00300220,0.47220736,1.38223055,0.87432376,1.45365912,0.52267998,0.86261221,1.11069496,0.22546222,0.50769871,1.52508769,1.21128351,0.88196302,0.78134475,0.74074074,0.55451519,0.68919803
0.60834671,0.47622020,0.73527139,0.89299090,0.92503418,0.58067297,0.71300755,0.40479163,0.37705844,0.33912966,0.16928244,0.23482552,0.37812853,0.22846442,0.31847096,0.18919803,0.28297961,0.16693419,0.18102372,0.15715475,0.35440818,0.46947268,0.00000000,0.33505737,0.29989299,0.58397242,0.59214672,0.28844896,0.49646275,0.69478628,0.39067237,0.23336900,0.09951846,0.61669936,0.46210095,0.20938113,0.32034362,0.28898401,0.51022531,0.75054991,0.34106177,0.18592830,0.60495809,0.53352952,0.56869389,0.91275786,0.45229178,0.98418643,0.80393556,0.39313953,0.64122228,0.55207776,0.81891683,1.05561501,0.74181083,0.41249034,0.31187206,0.58587480,0.77210035,1.01581357
0.58385352,0.81127757,1.07032876,0.70079068,1.26009155,0.61152726,0.52080732,0.73984900,0.52942750,0.42449914,0.45148921,0.56988288,0.18592830,0.10659295,0.30230070,0.28871649,0.09077938,0.50199156,0.51608109,0.34935497,0.54660841,0.80453005,0.33505737,0.00000000,0.49209322,0.24891505,0.25708935,0.04660841,0.83152012,0.35972891,0.58287260,0.42556923,0.23553891,0.80889959,0.65430117,0.40158136,0.15757089,0.33178765,0.70242554,0.94275013,0.42256703,0.37812853,0.79715831,0.23009928,0.76089412,0.57770049,0.64449200,0.64912906,0.99613578,0.51334641,0.40812080,0.74427799,1.01111706,0.72055764,0.40675346,0.49399560,0.30889959,0.77807503,0.96430058,1.20801379
0.90823970,0.68081565,0.57823554,1.19288390,0.76799834,0.88056596,1.01290054,0.60938708,0.67695143,0.63902265,0.46917544,0.35078176,0.67802152,0.52835741,0.61836395,0.48909102,0.58287260,0.27581594,0.11886927,0.14273824,0.05451519,0.31243683,0.29989299,0.49209322,0.00000000,0.74100826,0.74918257,0.44548481,0.33942691,0.85182213,0.09077938,0.20938113,0.25655431,0.31680637,0.16220795,0.09051186,0.47737947,0.44601986,0.21823911,0.45065692,0.49809762,0.25682183,0.30506510,0.69056536,0.26880090,1.06979371,0.56188693,1.14122228,0.50404257,0.55017538,0.79825813,0.25218477,0.51902384,1.21265085,0.89884668,0.56952619,0.46890791,0.42830391,0.47220736,0.71592058
0.83276856,1.06019262,1.31924380,0.59473277,1.50900660,0.86044230,0.72810772,0.98876404,0.77834255,0.67341418,0.70040426,0.81879793,0.34870103,0.35550800,0.55121574,0.53763153,0.30099281,0.75090660,0.76499614,0.59827002,0.79552345,1.05344510,0.58397242,0.24891505,0.74100826,0.00000000,0.13468284,0.29552345,1.08043517,0.17490042,0.68893050,0.53162713,0.48445396,0.91495749,0.76035907,0.65049640,0.26362880,0.43784555,0.80848344,1.04880804,0.52862493,0.48418643,0.90321622,0.33615718,0.86695202,0.32878545,0.75054991,0.40021402,1.10219369,0.61940432,0.51417871,0.99319303,1.11717496,0.47164259,0.15783842,0.60005350,0.41495749,0.88413293,1.07035848,1.31407170
0.84094287,1.06836692,1.32741811,0.72941561,1.51718090,0.86861661,0.73628203,0.99693835,0.78651685,0.68158849,0.70857856,0.82697224,0.35687533,0.36368230,0.55939005,0.54580584,0.30916711,0.75908091,0.77317044,0.60644433,0.80369776,1.06161940,0.59214672,0.25708935,0.74918257,0.13468284,0.00000000,0.30369776,1.08860948,0.10263956,0.69710481,0.53980144,0.49262826,0.78027466,0.62567624,0.65867071,0.27180310,0.30316271,0.67380061,0.91412520,0.39394210,0.49236074,0.76853338,0.20147435,0.73226919,0.32061114,0.61586707,0.39203971,0.96751085,0.48472148,0.37949587,1.00136734,0.98249212,0.46346828,0.14966411,0.46537067,0.28027466,0.74945009,0.93567564,1.17938886
0.53724511,0.76466916,1.02372035,0.74739908,1.21348315,0.56491885,0.56741573,0.69324059,0.48281910,0.37789073,0.40488080,0.52327448,0.23253671,0.08287260,0.25569229,0.24210808,0.13738779,0.45538315,0.46947268,0.30274657,0.50000000,0.75792165,0.28844896,0.04660841,0.44548481,0.29552345,0.30369776,0.00000000,0.78491172,0.40633732,0.53626419,0.37896082,0.18893050,0.76229118,0.60769276,0.35497295,0.11096249,0.28517924,0.65581713,0.89614173,0.37595862,0.33152012,0.75054991,0.24508055,0.71428571,0.62430890,0.59788360,0.69573747,0.94952738,0.46673801,0.36151240,0.69766958,0.96450865,0.76716604,0.45336187,0.44738719,0.26229118,0.73146662,0.91769217,1.16140539
1.10480946,0.87738541,0.61833423,1.38945366,0.42857143,1.07713572,1.20947030,0.80595684,0.87352119,0.83559241,0.66574520,0.54735152,0.87459128,0.72492717,0.81493371,0.68566078,0.77944236,0.47238571,0.31543903,0.48216515,0.28491172,0.16984721,0.49646275,0.83152012,0.33942691,1.08043517,1.08860948,0.78491172,0.00000000,1.19124903,0.39150467,0.54880804,0.59598121,0.30833482,0.46293324,0.42993877,0.81680637,0.78544676,0.55766601,0.31734142,0.83752452,0.59624874,0.60579038,1.02999227,0.49919743,1.40922062,0.90131383,1.48064919,0.54967006,0.88960228,1.13768504,0.08724214,0.53468878,1.55207776,1.23827359,0.90895309,0.80833482,0.76773081,0.58150526,0.51935081
0.94358243,1.17100648,1.43005767,0.76963320,1.61982046,0.97125617,0.83892159,1.09957791,0.88915641,0.78422805,0.81121812,0.92961179,0.45951489,0.46632186,0.66202961,0.64844540,0.41180667,0.86172047,0.87581000,0.70908388,0.90633732,1.16425896,0.69478628,0.35972891,0.85182213,0.17490042,0.10263956,0.40633732,1.19124903,0.00000000,0.79974437,0.64244100,0.59526782,0.88291421,0.72831580,0.76131027,0.37444266,0.40580227,0.63358302,0.87390762,0.35372451,0.59500030,0.72831580,0.16125676,0.69205160,0.21797158,0.57564949,0.28940015,0.92729326,0.44450389,0.33927828,1.10400690,0.94227454,0.36082873,0.04702455,0.42515308,0.38291421,0.70923251,0.89545806,1.13917127
0.99901908,0.77159503,0.63031330,1.28366328,0.82007610,0.97134534,1.10367992,0.70016646,0.76773081,0.72980203,0.55995482,0.44156114,0.76880090,0.61913679,0.70914333,0.57987040,0.67365198,0.36659533,0.20964865,0.23351763,0.10659295,0.36451459,0.39067237,0.58287260,0.09077938,0.68893050,0.69710481,0.53626419,0.39150467,0.79974437,0.00000000,0.15730337,0.34733369,0.22602699,0.07142857,0.18129124,0.42530171,0.39394210,0.16616135,0.35987753,0.44601986,0.20474407,0.21428571,0.63848760,0.17802152,1.01771595,0.50980917,1.08914452,0.41326318,0.49809762,0.74618037,0.30426253,0.42824446,1.16057309,0.84676892,0.51744843,0.41683015,0.37622615,0.38142798,0.62514119
0.84171571,0.61429166,0.78761667,1.12635991,0.97737947,0.81404197,0.94637655,0.54286309,0.61042744,0.57249866,0.40265145,0.28717080,0.61149753,0.46183342,0.55183996,0.42256703,0.51634861,0.21927947,0.23336900,0.07621426,0.26389632,0.52181797,0.23336900,0.42556923,0.20938113,0.53162713,0.53980144,0.37896082,0.54880804,0.64244100,0.15730337,0.00000000,0.19003032,0.38333036,0.22873194,0.11886927,0.26799834,0.23663873,0.27685631,0.51718090,0.28871649,0.04744070,0.37158909,0.48118423,0.33532489,0.86041258,0.35250580,0.93184115,0.57056655,0.34079425,0.58887700,0.46156590,0.58554783,1.00326972,0.68946555,0.36014506,0.25952678,0.35250580,0.53873135,0.78244456
0.65168539,0.57573866,0.83478985,0.93632959,1.02455264,0.62401165,0.75634623,0.50431009,0.42039712,0.38246834,0.21595030,0.33434397,0.42146721,0.27180310,0.36180964,0.23253671,0.32631829,0.26645265,0.28054218,0.11381606,0.31106950,0.56899114,0.09951846,0.23553891,0.25655431,0.48445396,0.49262826,0.18893050,0.59598121,0.59526782,0.34733369,0.19003032,0.00000000,0.57336068,0.41876226,0.16604245,0.22082516,0.18946555,0.46688663,0.70721122,0.24154331,0.14258962,0.56161940,0.43401106,0.52535521,0.81323940,0.40895309,0.88466797,0.76059687,0.29362107,0.54170382,0.50873908,0.77557815,0.95609655,0.64229237,0.31297188,0.21235361,0.54253612,0.72876167,0.97247488
1.22504607,0.99762202,0.73857083,1.50969027,0.73690625,1.19737233,1.32970691,0.92619345,0.99375780,0.95582902,0.78598181,0.66758813,0.99482789,0.84516378,0.93517032,0.80589739,0.89967897,0.59262232,0.43567564,0.45954462,0.26229118,0.29008382,0.61669936,0.80889959,0.31680637,0.91495749,0.78027466,0.76229118,0.30833482,0.88291421,0.22602699,0.38333036,0.57336068,0.00000000,0.15459842,0.40731823,0.65132870,0.47711194,0.24933119,0.13385054,0.52918970,0.43077106,0.29745556,0.72165745,0.19086261,1.10088580,0.59297901,1.17231437,0.24133524,0.58126746,0.82935022,0.22109268,0.22635396,1.24374294,0.92993877,0.60061827,0.50000000,0.45939599,0.27317044,0.39911420
1.07044765,0.84302360,0.70174187,1.35509185,0.89150467,1.04277391,1.17510850,0.77159503,0.83915938,0.80123060,0.63138339,0.51298972,0.84022948,0.69056536,0.78057190,0.65129897,0.74508055,0.43802390,0.28107722,0.30494620,0.17802152,0.43594317,0.46210095,0.65430117,0.16220795,0.76035907,0.62567624,0.60769276,0.46293324,0.72831580,0.07142857,0.22873194,0.41876226,0.15459842,0.00000000,0.25271981,0.49673028,0.32251352,0.09473277,0.28844896,0.37459128,0.27617264,0.14285714,0.56705903,0.10659295,0.94628738,0.43838060,1.01771595,0.34183461,0.42666904,0.67475180,0.37569110,0.35681588,1.08914452,0.77534035,0.44601986,0.34540158,0.30479757,0.30999941,0.55371262
0.81772784,0.59030379,0.66874740,1.10237203,0.85851020,0.79005410,0.92238868,0.51887522,0.58643957,0.54851079,0.37866358,0.26026990,0.58750966,0.43784555,0.52785209,0.39857916,0.49236074,0.18530408,0.11449973,0.05222638,0.14502705,0.40294870,0.20938113,0.40158136,0.09051186,0.65049640,0.65867071,0.35497295,0.42993877,0.76131027,0.18129124,0.11886927,0.16604245,0.40731823,0.25271981,0.00000000,0.38686761,0.35550800,0.30084418,0.54116878,0.40758576,0.16630997,0.39557696,0.60005350,0.35931276,0.97928185,0.47137507,1.05071042,0.59455443,0.45966352,0.70774627,0.34269663,0.60953570,1.12213899,0.80833482,0.47901433,0.37839605,0.37649367,0.56271922,0.80643244
0.57371738,0.79656382,1.05561501,0.85836157,1.24537780,0.59681351,0.67837822,0.72513525,0.51471375,0.40978539,0.43677546,0.55516913,0.34349920,0.19383509,0.28758694,0.27400273,0.24835028,0.48727781,0.50136734,0.33464122,0.53189466,0.78981630,0.32034362,0.15757089,0.47737947,0.26362880,0.27180310,0.11096249,0.81680637,0.37444266,0.42530171,0.26799834,0.22082516,0.65132870,0.49673028,0.38686761,0.00000000,0.17421675,0.54485465,0.78517924,0.26499614,0.22055764,0.63958742,0.21318590,0.60332323,0.59241424,0.48692111,0.66384282,0.83856489,0.35577552,0.32087866,0.72956424,0.85354616,0.73527139,0.42146721,0.33642471,0.15132870,0.62050413,0.80672968,1.05044290
0.74793413,0.76520421,1.02425540,1.03257832,1.21401819,0.72026039,0.85259497,0.69377564,0.51664586,0.47871708,0.40541585,0.52380952,0.51771595,0.36805184,0.45805838,0.32878545,0.42256703,0.45591820,0.47000773,0.30328161,0.50053505,0.75845669,0.28898401,0.33178765,0.44601986,0.43784555,0.30316271,0.28517924,0.78544676,0.40580227,0.39394210,0.23663873,0.18946555,0.47711194,0.32251352,0.35550800,0.17421675,0.00000000,0.37063789,0.61096249,0.09077938,0.18919803,0.46537067,0.24454551,0.42910647,0.62377385,0.31270436,0.69520243,0.66434814,0.18155877,0.35223827,0.69820463,0.67932941,0.76663100,0.45282682,0.16220795,0.02288806,0.44628738,0.63251293,0.87622615
1.11857202,0.89114797,0.79647464,1.40321622,0.98623744,1.09089828,1.22323286,0.81971940,0.88728375,0.84935497,0.67950776,0.56111408,0.88835384,0.73868973,0.82869627,0.69942334,0.79320492,0.48614827,0.32920159,0.35307057,0.27275430,0.53067594,0.51022531,0.70242554,0.21823911,0.80848344,0.67380061,0.65581713,0.55766601,0.63358302,0.16616135,0.27685631,0.46688663,0.24933119,0.09473277,0.30084418,0.54485465,0.37063789,0.00000000,0.24032459,0.27985851,0.32429701,0.09473277,0.47232626,0.05846858,0.85155460,0.34364782,0.92298318,0.29371024,0.33193627,0.58001902,0.47042387,0.30869152,0.99441175,0.68060757,0.35128708,0.39352595,0.21006480,0.26187504,0.50558825
1.35889662,1.13147256,0.87242138,1.64354081,0.74591285,1.33122288,1.46355746,1.06004399,1.12760835,1.08967957,0.91983235,0.80143868,1.12867844,0.97901433,1.06902087,0.93974793,1.03352952,0.72647286,0.56952619,0.59339516,0.39614173,0.42393437,0.75054991,0.94275013,0.45065692,1.04880804,0.91412520,0.89614173,0.31734142,0.87390762,0.35987753,0.51718090,0.70721122,0.13385054,0.28844896,0.54116878,0.78517924,0.61096249,0.24032459,0.00000000,0.52018310,0.56462160,0.28844896,0.71265085,0.18185601,1.09187920,0.58397242,1.16330777,0.23232864,0.57226086,0.82034362,0.23009928,0.21734736,1.23473634,0.92093217,0.59161168,0.63385054,0.45038939,0.26416384,0.26526366
0.83871351,0.81728197,1.07633315,1.12335771,1.26609595,0.81103977,0.94337435,0.74585340,0.60742524,0.56949646,0.45749361,0.57588728,0.60849533,0.45883122,0.54883776,0.41956483,0.51334641,0.50799596,0.52208549,0.35535937,0.55261281,0.81053445,0.34106177,0.42256703,0.49809762,0.52862493,0.39394210,0.37595862,0.83752452,0.35372451,0.44601986,0.28871649,0.24154331,0.52918970,0.37459128,0.40758576,0.26499614,0.09077938,0.27985851,0.52018310,0.00000000,0.24127579,0.37459128,0.19246775,0.33832709,0.57169609,0.22192497,0.64312467,0.57356875,0.09077938,0.30016051,0.75028239,0.58855003,0.71455324,0.40074906,0.07142857,0.11366744,0.35550800,0.54173355,0.78544676
0.79427501,0.57600618,0.83505737,1.07891921,1.02482017,0.76660127,0.89893585,0.50457761,0.56298674,0.52505796,0.35521075,0.33461150,0.56405683,0.41439272,0.50439926,0.37512633,0.46890791,0.26672017,0.28080970,0.11408359,0.31133702,0.56925866,0.18592830,0.37812853,0.25682183,0.48418643,0.49236074,0.33152012,0.59624874,0.59500030,0.20474407,0.04744070,0.14258962,0.43077106,0.27617264,0.16630997,0.22055764,0.18919803,0.32429701,0.56462160,0.24127579,0.00000000,0.41902978,0.43374353,0.38276559,0.81297188,0.30506510,0.88440045,0.61800725,0.29335355,0.54143630,0.50900660,0.63298853,0.95582902,0.64202485,0.31270436,0.21208608,0.39994650,0.58617205,0.82988526
1.21330480,0.98588074,0.84459901,1.49794899,1.03436181,1.18563106,1.31796564,0.91445217,0.98201653,0.94408775,0.77424053,0.65584686,0.98308662,0.83342251,0.92342905,0.79415611,0.88793770,0.58088104,0.42393437,0.44780334,0.32087866,0.57880031,0.60495809,0.79715831,0.30506510,0.90321622,0.76853338,0.75054991,0.60579038,0.72831580,0.21428571,0.37158909,0.56161940,0.29745556,0.14285714,0.39557696,0.63958742,0.46537067,0.09473277,0.28844896,0.37459128,0.41902978,0.00000000,0.56705903,0.10659295,0.80343024,0.29552345,0.87485881,0.19897747,0.28381190,0.53189466,0.51854824,0.21395874,0.94628738,0.77534035,0.30316271,0.48825872,0.16194043,0.16714226,0.41085548
0.78232566,1.00974972,1.26880090,0.93088996,1.45856370,0.80999941,0.75090660,0.93832115,0.72789965,0.62297129,0.64996136,0.76835503,0.41602758,0.30506510,0.50077284,0.48718863,0.32087866,0.70046371,0.71455324,0.54782712,0.74508055,1.00300220,0.53352952,0.23009928,0.69056536,0.33615718,0.20147435,0.24508055,1.02999227,0.16125676,0.63848760,0.48118423,0.43401106,0.72165745,0.56705903,0.60005350,0.21318590,0.24454551,0.47232626,0.71265085,0.19246775,0.43374353,0.56705903,0.00000000,0.53079484,0.37922835,0.41439272,0.45065692,0.76603650,0.28324713,0.17802152,0.94275013,0.78101778,0.52208549,0.20828132,0.26389632,0.22165745,0.54797574,0.73420130,0.97791451
1.17704060,0.94961655,0.73800606,1.46168480,0.92776886,1.14936686,1.28170144,0.87818798,0.94575233,0.90782355,0.73797634,0.61958266,0.94682242,0.79715831,0.88716485,0.75789192,0.85167350,0.54461685,0.38767017,0.41153915,0.21428571,0.47220736,0.56869389,0.76089412,0.26880090,0.86695202,0.73226919,0.71428571,0.49919743,0.69205160,0.17802152,0.33532489,0.52535521,0.19086261,0.10659295,0.35931276,0.60332323,0.42910647,0.05846858,0.18185601,0.33832709,0.38276559,0.10659295,0.53079484,0.00000000,0.91002319,0.40211640,0.98145176,0.23524166,0.39040485,0.63848760,0.41195529,0.25022294,1.05288033,0.73907615,0.40975566,0.45199453,0.26853338,0.20340646,0.44711967
1.16155401,1.38897806,1.64802925,0.87690982,1.83779205,1.18922775,1.05689317,1.31754949,1.10712799,1.00219963,1.02918970,1.14758338,0.67748648,0.68429344,0.88000119,0.86641698,0.62977825,1.07969205,1.09378158,0.92705547,1.12430890,1.38223055,0.91275786,0.57770049,1.06979371,0.32878545,0.32061114,0.62430890,1.40922062,0.21797158,1.01771595,0.86041258,0.81323940,1.10088580,0.94628738,0.97928185,0.59241424,0.62377385,0.85155460,1.09187920,0.57169609,0.81297188,0.80343024,0.37922835,0.91002319,0.00000000,0.50790678,0.07142857,0.85955056,0.51961833,0.27153558,1.32197848,0.87453184,0.14285714,0.17094703,0.50026752,0.60088580,0.64148980,0.82771536,1.07142857
1.06063849,0.88107128,1.14012247,1.34528268,1.32988526,1.03296475,1.16529933,0.80964271,0.82935022,0.79142144,0.62157422,0.63967659,0.83042031,0.68075620,0.77076274,0.64148980,0.73527139,0.57178527,0.58587480,0.41914868,0.61640212,0.87432376,0.45229178,0.64449200,0.56188693,0.75054991,0.61586707,0.59788360,0.90131383,0.57564949,0.50980917,0.35250580,0.40895309,0.59297901,0.43838060,0.47137507,0.48692111,0.31270436,0.34364782,0.58397242,0.22192497,0.30506510,0.29552345,0.41439272,0.40211640,0.50790678,0.00000000,0.57933535,0.35164378,0.13114559,0.23637120,0.81407170,0.36662505,0.65076393,0.62267404,0.15049640,0.33559241,0.13358302,0.31980857,0.56352179
1.23298258,1.46040663,1.71945782,0.94833839,1.90922062,1.26065632,1.12832174,1.38897806,1.17855657,1.07362820,1.10061827,1.21901195,0.74891505,0.75572201,0.95142976,0.93784555,0.70120682,1.15112062,1.16521015,0.99848404,1.19573747,1.45365912,0.98418643,0.64912906,1.14122228,0.40021402,0.39203971,0.69573747,1.48064919,0.28940015,1.08914452,0.93184115,0.88466797,1.17231437,1.01771595,1.05071042,0.66384282,0.69520243,0.92298318,1.16330777,0.64312467,0.88440045,0.87485881,0.45065692,0.98145176,0.07142857,0.57933535,0.00000000,0.93097913,0.59104691,0.34296415,1.39340705,0.94596041,0.07142857,0.24237560,0.57169609,0.67231437,0.71291838,0.89914393,1.00000000
1.41228227,1.18485821,0.92580703,1.69692646,0.97824148,1.38460853,1.51694311,1.11342964,1.18099400,1.14306522,0.97321800,0.85482433,1.18206409,1.03239998,1.12240652,0.99313358,1.08691517,0.77985851,0.62291184,0.64678081,0.44952738,0.52267998,0.80393556,0.99613578,0.50404257,1.10219369,0.96751085,0.94952738,0.54967006,0.92729326,0.41326318,0.57056655,0.76059687,0.24133524,0.34183461,0.59455443,0.83856489,0.66434814,0.29371024,0.23232864,0.57356875,0.61800725,0.19897747,0.76603650,0.23524166,0.85955056,0.35164378,0.93097913,0.00000000,0.48278937,0.58801498,0.46242792,0.01498127,1.00240770,0.97431782,0.50214018,0.68723619,0.21806076,0.03183521,0.21187801
0.92949290,0.86935973,1.12841091,1.21413709,1.31817371,0.90181915,1.03415374,0.79793116,0.69820463,0.66027585,0.50957137,0.62796504,0.69927472,0.54961061,0.63961715,0.51034421,0.60412580,0.56007372,0.57416325,0.40743713,0.60469057,0.86261221,0.39313953,0.51334641,0.55017538,0.61940432,0.48472148,0.46673801,0.88960228,0.44450389,0.49809762,0.34079425,0.29362107,0.58126746,0.42666904,0.45966352,0.35577552,0.18155877,0.33193627,0.57226086,0.09077938,0.29335355,0.28381190,0.28324713,0.39040485,0.51961833,0.13114559,0.59104691,0.48278937,0.00000000,0.24808275,0.80236015,0.49777064,0.66247548,0.49152845,0.01935081,0.20444682,0.26472861,0.45095416,0.69466738
0.89001843,1.11744248,1.37649367,1.10891148,1.56625647,0.91769217,0.92892813,1.04601391,0.83559241,0.73066405,0.75765412,0.87604780,0.59404911,0.44438499,0.60846561,0.59488140,0.49890018,0.80815647,0.82224600,0.65551989,0.85277332,1.11069496,0.64122228,0.40812080,0.79825813,0.51417871,0.37949587,0.36151240,1.13768504,0.33927828,0.74618037,0.58887700,0.54170382,0.82935022,0.67475180,0.70774627,0.32087866,0.35223827,0.58001902,0.82034362,0.30016051,0.54143630,0.53189466,0.17802152,0.63848760,0.27153558,0.23637120,0.34296415,0.58801498,0.24808275,0.00000000,1.05044290,0.60299625,0.41439272,0.38630284,0.22873194,0.32935022,0.36995422,0.55617978,0.79989299
1.16042447,0.93300042,0.67394923,1.44506866,0.51581357,1.13275073,1.26508531,0.86157184,0.92913620,0.89120742,0.72136020,0.60296653,0.93020629,0.78054218,0.87054872,0.74127579,0.83505737,0.52800071,0.37105404,0.39492301,0.19766958,0.22546222,0.55207776,0.74427799,0.25218477,0.99319303,1.00136734,0.69766958,0.08724214,1.10400690,0.30426253,0.46156590,0.50873908,0.22109268,0.37569110,0.34269663,0.72956424,0.69820463,0.47042387,0.23009928,0.75028239,0.50900660,0.51854824,0.94275013,0.41195529,1.32197848,0.81407170,1.39340705,0.46242792,0.80236015,1.05044290,0.00000000,0.44744664,1.46483562,1.15103145,0.82171096,0.72109268,0.68048867,0.49426312,0.46373581
1.42726354,1.19983949,0.94078830,1.71190773,0.96326021,1.39958980,1.53192438,1.12841091,1.19597527,1.15804649,0.98819927,0.86980560,1.19704536,1.04738125,1.13738779,1.00811486,1.10189644,0.79483978,0.63789311,0.66176208,0.46450865,0.50769871,0.81891683,1.01111706,0.51902384,1.11717496,0.98249212,0.96450865,0.53468878,0.94227454,0.42824446,0.58554783,0.77557815,0.22635396,0.35681588,0.60953570,0.85354616,0.67932941,0.30869152,0.21734736,0.58855003,0.63298853,0.21395874,0.78101778,0.25022294,0.87453184,0.36662505,0.94596041,0.01498127,0.49777064,0.60299625,0.44744664,0.00000000,1.01738898,0.98929909,0.51712146,0.70221747,0.23304203,0.04681648,0.19689674
1.30441115,1.53183521,1.79088639,1.01976696,1.98064919,1.33208489,1.19975031,1.46040663,1.24998514,1.14505677,1.17204685,1.29044052,0.82034362,0.82715059,1.02285833,1.00927412,0.77263540,1.22254919,1.23663873,1.06991261,1.26716604,1.52508769,1.05561501,0.72055764,1.21265085,0.47164259,0.46346828,0.76716604,1.55207776,0.36082873,1.16057309,1.00326972,0.95609655,1.24374294,1.08914452,1.12213899,0.73527139,0.76663100,0.99441175,1.23473634,0.71455324,0.95582902,0.94628738,0.52208549,1.05288033,0.14285714,0.65076393,0.07142857,1.00240770,0.66247548,0.41439272,1.46483562,1.01738898,0.00000000,0.31380417,0.64312467,0.74374294,0.78434695,0.97057250,1.07142857
0.99060698,1.21803103,1.47708222,0.72260864,1.66684502,1.01828072,0.88594614,1.14660246,0.93618096,0.83125260,0.85824267,0.97663635,0.50653944,0.51334641,0.70905416,0.69546995,0.45883122,0.90874502,0.92283455,0.75610844,0.95336187,1.21128351,0.74181083,0.40675346,0.89884668,0.15783842,0.14966411,0.45336187,1.23827359,0.04702455,0.84676892,0.68946555,0.64229237,0.92993877,0.77534035,0.80833482,0.42146721,0.45282682,0.68060757,0.92093217,0.40074906,0.64202485,0.77534035,0.20828132,0.73907615,0.17094703,0.62267404,0.24237560,0.97431782,0.49152845,0.38630284,1.15103145,0.98929909,0.31380417,0.00000000,0.47217764,0.42993877,0.75625706,0.94248261,1.18619583
0.91014208,0.88871054,1.14776173,1.19478628,1.33752452,0.88246834,1.01480292,0.81728197,0.67885381,0.64092503,0.52892218,0.64731586,0.67992390,0.53025979,0.62026633,0.49099340,0.58477498,0.57942453,0.59351406,0.42678794,0.62404138,0.88196302,0.41249034,0.49399560,0.56952619,0.60005350,0.46537067,0.44738719,0.90895309,0.42515308,0.51744843,0.36014506,0.31297188,0.60061827,0.44601986,0.47901433,0.33642471,0.16220795,0.35128708,0.59161168,0.07142857,0.31270436,0.30316271,0.26389632,0.40975566,0.50026752,0.15049640,0.57169609,0.50214018,0.01935081,0.22873194,0.82171096,0.51712146,0.64312467,0.47217764,0.00000000,0.18509601,0.28407942,0.47030498,0.71401819
0.72504607,0.78809227,1.04714345,1.00969027,1.23690625,0.69737233,0.82970691,0.71666369,0.50624220,0.45582902,0.42830391,0.54669758,0.49482789,0.34516378,0.43517032,0.30589739,0.39967897,0.47880625,0.49289579,0.32616967,0.52342310,0.78134475,0.31187206,0.30889959,0.46890791,0.41495749,0.28027466,0.26229118,0.80833482,0.38291421,0.41683015,0.25952678,0.21235361,0.50000000,0.34540158,0.37839605,0.15132870,0.02288806,0.39352595,0.63385054,0.11366744,0.21208608,0.48825872,0.22165745,0.45199453,0.60088580,0.33559241,0.67231437,0.68723619,0.20444682,0.32935022,0.72109268,0.70221747,0.74374294,0.42993877,0.18509601,0.00000000,0.46917544,0.65540099,0.89911420
1.19422151,0.96679746,1.00653944,1.47886570,1.19630224,1.16654777,1.29888235,0.89536888,0.96293324,0.92500446,0.75515724,0.63676357,0.96400333,0.81433922,0.90434576,0.77507283,0.86885441,0.56179775,0.45229178,0.42872005,0.48281910,0.74074074,0.58587480,0.77807503,0.42830391,0.88413293,0.74945009,0.73146662,0.76773081,0.70923251,0.37622615,0.35250580,0.54253612,0.45939599,0.30479757,0.37649367,0.62050413,0.44628738,0.21006480,0.45038939,0.35550800,0.39994650,0.16194043,0.54797574,0.26853338,0.64148980,0.13358302,0.71291838,0.21806076,0.26472861,0.36995422,0.68048867,0.23304203,0.78434695,0.75625706,0.28407942,0.46917544,0.00000000,0.18622555,0.42993877
1.38044706,1.15302301,0.89397182,1.66509125,1.01007669,1.35277332,1.48510790,1.08159444,1.14915879,1.11123001,0.94138280,0.82298912,1.15022888,1.00056477,1.09057131,0.96129838,1.05507996,0.74802330,0.59107663,0.61494560,0.41769217,0.55451519,0.77210035,0.96430058,0.47220736,1.07035848,0.93567564,0.91769217,0.58150526,0.89545806,0.38142798,0.53873135,0.72876167,0.27317044,0.30999941,0.56271922,0.80672968,0.63251293,0.26187504,0.26416384,0.54173355,0.58617205,0.16714226,0.73420130,0.20340646,0.82771536,0.31980857,0.89914393,0.03183521,0.45095416,0.55617978,0.49426312,0.04681648,0.97057250,0.94248261,0.47030498,0.65540099,0.18622555,0.00000000,0.24371322
1.62416028,1.39673622,1.13768504,1.90880447,0.94792224,1.59648653,1.72882112,1.32530765,1.39287201,1.35494323,1.18509601,1.06670234,1.39394210,1.24427799,1.33428453,1.20501159,1.29879318,0.99173652,0.83478985,0.85865882,0.66140539,0.68919803,1.01581357,1.20801379,0.71592058,1.31407170,1.17938886,1.16140539,0.51935081,1.13917127,0.62514119,0.78244456,0.97247488,0.39911420,0.55371262,0.80643244,1.05044290,0.87622615,0.50558825,0.26526366,0.78544676,0.82988526,0.41085548,0.97791451,0.44711967,1.07142857,0.56352179,1.00000000,0.21187801,0.69466738,0.79989299,0.46373581,0.19689674,1.07142857,1.18619583,0.71401819,0.89911420,0.42993877,0.24371322,0.00000000
