0.00000000,0.68874172,0.13144692,0.06582380,0.49588601,0.85651214,0.89845475,0.70235467,0.53796241,0.43457756,0.41768680,0.61813499,0.82239615,0.76754298,0.91567998,1.02461703,0.83758111,1.17007827,0.63867148,1.28991906,1.06411800,1.17225232,1.27058666,0.82306509,0.74938123,1.24225701,0.99846144,1.06261288,0.96113452,0.98103552,0.96210449,1.23295873,1.17536290,0.57304836,1.32911900,1.02816242,1.21606796,1.25881330,1.18967824,0.91852298,1.41052913,1.26419827,0.80493679,0.87534283,1.60171249,1.20680313,1.20516423,1.30078935,1.24974915,0.65024416,1.62883805,1.68439360,1.02418222,0.90855576,1.63439026,1.10154525,1.27864740,1.29246103,1.33697906,1.30691016
0.68874172,0.00000000,0.55729480,0.75456552,0.19285571,0.16777042,0.20971302,0.09749816,0.37300154,0.58749749,0.71549936,0.62616229,0.53301224,0.81008763,0.55083952,0.55301358,0.74004950,0.51866346,1.05007024,0.60117734,0.62462372,0.62760051,0.58184494,0.97678774,1.16158271,0.66870694,0.80139140,0.95946217,0.83871831,0.70770620,0.94885946,0.90022744,0.95782327,1.11569336,0.69295605,0.77169041,1.02822931,0.98548398,0.72128570,1.10355208,0.83376815,1.09121011,1.21713827,1.25784333,0.91297077,1.14860526,1.26135527,0.83239682,1.10565924,1.26071978,0.94009633,0.99565188,1.33122617,1.55796374,0.94564854,1.79028698,1.07676099,1.17405847,1.24065155,1.15960934
0.13144692,0.55729480,0.00000000,0.19727072,0.36443909,0.72506522,0.76700783,0.57090775,0.40651549,0.30313064,0.28623988,0.48668807,0.69094923,0.63609606,0.78423306,0.89317011,0.70613419,1.03863135,0.50722456,1.15847214,0.93267108,1.04080541,1.13913974,0.69161817,0.61793431,1.11081009,0.86701452,0.93116596,0.82968760,0.84958860,0.83065757,1.10151181,1.04391598,0.55839856,1.19767209,0.89671550,1.08462104,1.12736638,1.05823132,0.78707606,1.27908221,1.13275135,0.67348987,0.74389591,1.47026557,1.07535621,1.07371731,1.16934243,1.11830223,0.70342498,1.49739113,1.55294669,0.89273530,1.00066894,1.50294334,1.23299217,1.14720048,1.16101411,1.20553214,1.17546324
0.06582380,0.75456552,0.19727072,0.00000000,0.56170981,0.92233594,0.96427855,0.76817847,0.60378621,0.50040136,0.48351060,0.68395879,0.88821995,0.83336678,0.98150378,1.09044083,0.90340491,1.23590207,0.70449528,1.35574286,1.12994180,1.23807613,1.33641046,0.88888889,0.81520503,1.30808081,1.06428524,1.12843668,1.02695832,1.04685932,1.02792829,1.29878253,1.24118670,0.63887217,1.39494281,1.09398622,1.28189177,1.32463710,1.25550204,0.98434678,1.47635293,1.33002208,0.87076059,0.94116663,1.66753629,1.27262693,1.27098803,1.36661315,1.31557295,0.71606796,1.69466185,1.75021741,1.09000602,0.97437956,1.70021406,1.03572145,1.34447120,1.35828484,1.40280286,1.37273396
0.49588601,0.19285571,0.36443909,0.56170981,0.00000000,0.36062613,0.40256873,0.20646866,0.18014583,0.39464178,0.52264366,0.43330658,0.34015653,0.61723192,0.41979397,0.52873102,0.54719379,0.67419225,0.85721453,0.79403305,0.56823199,0.67636631,0.77470065,0.78393204,0.96872701,0.74637099,0.60853569,0.76660646,0.64586260,0.51485049,0.75600375,0.73707271,0.76496756,0.92283765,0.83323299,0.57883470,0.83537360,0.79262827,0.69379223,0.91069637,0.91464312,0.89835440,1.02428256,1.06498762,1.10582648,0.95574955,1.06849957,0.80490334,0.91280353,1.06786407,1.13295204,1.18850759,1.13837046,1.36510803,1.13850425,1.59743127,0.88390528,0.98120276,1.04779584,0.96675363
0.85651214,0.16777042,0.72506522,0.92233594,0.36062613,0.00000000,0.04194260,0.26526858,0.54077196,0.75526791,0.88326978,0.79393270,0.70078266,0.97785805,0.71860994,0.72078400,0.90781992,0.68643388,1.21784066,0.45548197,0.79239414,0.79537093,0.69703659,1.14455816,1.32935313,0.83647736,0.96916182,1.12723259,1.00648873,0.87547662,1.11662987,1.06799786,1.12559369,1.28346378,0.86072647,0.93946083,1.19599973,1.15325440,0.88905612,1.27132250,1.00153856,1.25898053,1.38490869,1.42561375,1.03257743,1.31637568,1.42912569,1.00016724,1.27342966,1.42849020,0.89434076,0.94989631,1.49899659,1.72573416,1.11101077,1.95805740,1.24453141,1.34182888,1.40842197,1.32737976
0.89845475,0.20971302,0.76700783,0.96427855,0.40256873,0.04194260,0.00000000,0.30721118,0.58271456,0.79721052,0.92521239,0.83587531,0.74272527,1.01980066,0.76055255,0.76272660,0.94976253,0.72837648,1.25978326,0.49742458,0.83433674,0.83731353,0.73897920,1.18650077,1.37129574,0.87841996,1.01110442,1.16917520,1.04843133,0.91741923,1.15857248,1.10994046,1.16753629,1.32540638,0.90266907,0.98140344,1.23794234,1.19519700,0.93099873,1.31326510,1.04348117,1.30092314,1.42685129,1.46755636,1.07452003,1.35831828,1.47106830,1.04210984,1.31537227,1.47043280,0.93628336,0.99183892,1.54093919,1.76767677,1.15295337,2.00000000,1.28647401,1.38377149,1.45036457,1.36932236
0.70235467,0.09749816,0.57090775,0.76817847,0.20646866,0.26526858,0.30721118,0.00000000,0.27550338,0.48999933,0.61800120,0.52866412,0.43551408,0.71258947,0.45334136,0.45551542,0.64255134,0.46772359,0.95257208,0.58756439,0.52712556,0.53010235,0.56823199,0.87928958,1.06408455,0.57120878,0.70389324,0.86196401,0.74122015,0.61020804,0.85136130,0.80272928,0.86032511,1.01819520,0.62676433,0.67419225,0.93073115,0.88798582,0.62378754,1.00605392,0.73626998,0.99371195,1.11964011,1.16034517,0.89935782,1.05110710,1.16385711,0.73489866,1.00816108,1.16322162,0.92648338,0.98203893,1.23372801,1.46046558,0.93203559,1.69278882,0.97926283,1.07656031,1.14315339,1.06211118
0.53796241,0.37300154,0.40651549,0.60378621,0.18014583,0.54077196,0.58271456,0.27550338,0.00000000,0.21449595,0.34249783,0.25316075,0.28443374,0.43708609,0.37771757,0.48665463,0.36704796,0.63211586,0.67706870,0.75195665,0.52615560,0.63428992,0.73262426,0.60378621,0.78858118,0.70429460,0.46049903,0.58646063,0.46571677,0.44307312,0.57585792,0.69499632,0.63740050,0.74269182,0.79115660,0.49020001,0.67810556,0.72085089,0.65171583,0.73055054,0.87256673,0.72623587,0.84413673,0.88484180,1.06375008,0.77560372,0.88835374,0.76282694,0.73265770,0.88771824,1.09087564,1.14643120,0.95822463,1.18496220,1.09642785,1.41728544,0.74068500,0.80105693,0.86765001,0.78660780
0.43457756,0.58749749,0.30313064,0.50040136,0.39464178,0.75526791,0.79721052,0.48999933,0.21449595,0.00000000,0.12800187,0.18355743,0.38781858,0.33296542,0.48110241,0.59003947,0.40300355,0.73550070,0.46257275,0.85534149,0.62954044,0.73767476,0.83600910,0.38929025,0.57408522,0.80767944,0.56388387,0.62803532,0.52655696,0.54645796,0.52752692,0.79838116,0.74078534,0.52819587,0.89454144,0.59358486,0.78149040,0.82423573,0.75510068,0.51605459,0.97595157,0.82962071,0.62964078,0.67034584,1.16713493,0.77222557,0.77058666,0.86621179,0.81517158,0.67322229,1.19426049,1.24981604,0.74372868,0.97046625,1.19981270,1.20278948,0.84406984,0.85788347,0.90240150,0.87233260
0.41768680,0.71549936,0.28623988,0.48351060,0.52264366,0.88326978,0.92521239,0.61800120,0.34249783,0.12800187,0.00000000,0.20044819,0.40470935,0.34985618,0.49799318,0.60693023,0.41989431,0.75239146,0.33457087,0.87223226,0.64643120,0.75456552,0.85289986,0.40537829,0.44608335,0.82457021,0.58077463,0.64492608,0.54344772,0.56334872,0.54441769,0.81527192,0.75767610,0.40019399,0.91143220,0.61047562,0.79838116,0.84112650,0.77199144,0.50083618,0.99284233,0.84651147,0.50163891,0.54234397,1.18402569,0.78911633,0.78747742,0.88310255,0.83206235,0.54522042,1.21115125,1.26670680,0.61572680,0.84246438,1.21670346,1.07478761,0.86096060,0.87477423,0.91929226,0.88922336
0.61813499,0.62616229,0.48668807,0.68395879,0.43330658,0.79393270,0.83587531,0.52866412,0.25316075,0.18355743,0.20044819,0.00000000,0.20426115,0.18392535,0.29754499,0.40648204,0.21944612,0.55194327,0.42390795,0.67178407,0.44598301,0.55411733,0.65245167,0.35062546,0.53542043,0.62412201,0.38032644,0.44447789,0.34299953,0.36290053,0.34396950,0.61482373,0.55722791,0.48953107,0.71098401,0.41002743,0.59793297,0.64067831,0.57154325,0.47738979,0.79239414,0.64606328,0.59097599,0.63168105,0.98357750,0.58866814,0.63519299,0.68265436,0.63161415,0.63455750,1.01070306,1.06625861,0.70506388,0.93180146,1.01625527,1.16412469,0.66051241,0.67432604,0.71884407,0.68877517
0.82239615,0.53301224,0.69094923,0.88821995,0.34015653,0.70078266,0.74272527,0.43551408,0.28443374,0.38781858,0.40470935,0.20426115,0.00000000,0.27707539,0.09328383,0.20222088,0.20703726,0.34768212,0.51705800,0.46752291,0.24172185,0.34985618,0.44819051,0.44377550,0.62857047,0.41986086,0.26837916,0.42644993,0.30570607,0.17469396,0.41584721,0.41056258,0.42481102,0.58268112,0.50672286,0.23867817,0.49521707,0.45247174,0.36728209,0.57053984,0.58813299,0.55819787,0.68412603,0.72483109,0.77931634,0.61559302,0.72834303,0.47839320,0.57264700,0.72770754,0.80644190,0.86199746,0.79821393,1.02495150,0.81199411,1.25727473,0.54374875,0.64104622,0.70763931,0.62659710
0.76754298,0.81008763,0.63609606,0.83336678,0.61723192,0.97785805,1.01980066,0.71258947,0.43708609,0.33296542,0.34985618,0.18392535,0.27707539,0.00000000,0.25924811,0.25707405,0.07003813,0.40253529,0.23998261,0.52237608,0.29657502,0.40470935,0.50304368,0.16670011,0.35149508,0.47471403,0.23091846,0.29506990,0.19359154,0.21349254,0.19456151,0.46541575,0.40781992,0.30560573,0.56157603,0.26061944,0.44852498,0.49127032,0.42213526,0.29346445,0.64298615,0.49665529,0.40705064,0.44775570,0.83416951,0.43926015,0.45126764,0.53324637,0.48220617,0.45063215,0.86129507,0.91685063,0.52113854,0.74787611,0.86684728,0.98019934,0.51110442,0.52491805,0.56943608,0.53936718
0.91567998,0.55083952,0.78423306,0.98150378,0.41979397,0.71860994,0.76055255,0.45334136,0.37771757,0.48110241,0.49799318,0.29754499,0.09328383,0.25924811,0.00000000,0.10893705,0.18920998,0.25439829,0.49923072,0.37423908,0.14843802,0.25657235,0.35490668,0.42594822,0.61074319,0.32657703,0.25055188,0.40862265,0.28787879,0.15686668,0.39801993,0.34938792,0.40698374,0.56485384,0.41343903,0.22085089,0.47738979,0.43464446,0.27399826,0.55271256,0.49484915,0.54037059,0.66629875,0.70700381,0.68603251,0.59776574,0.71051575,0.38510937,0.55481972,0.70988026,0.71315807,0.76871363,0.78038665,1.00712422,0.71871028,1.23944745,0.52592147,0.62321894,0.68981203,0.60876982
1.02461703,0.55301358,0.89317011,1.09044083,0.52873102,0.72078400,0.76272660,0.45551542,0.48665463,0.59003947,0.60693023,0.40648204,0.20222088,0.25707405,0.10893705,0.00000000,0.18703592,0.14546123,0.49705666,0.26530203,0.07161014,0.14763529,0.24596963,0.42377417,0.60856914,0.21763998,0.24837782,0.40644859,0.28570473,0.15469262,0.39584588,0.34721386,0.40480969,0.56267978,0.30450197,0.21867683,0.47521573,0.43247040,0.16827213,0.55053850,0.38591210,0.53819653,0.66412469,0.70482975,0.57709546,0.59559168,0.70834170,0.27938324,0.55264566,0.70770620,0.60422102,0.65977657,0.77821259,1.00495016,0.60977323,1.23727340,0.52374741,0.62104489,0.68763797,0.60659576
0.83758111,0.74004950,0.70613419,0.90340491,0.54719379,0.90781992,0.94976253,0.64255134,0.36704796,0.40300355,0.41989431,0.21944612,0.20703726,0.07003813,0.18920998,0.18703592,0.00000000,0.33249716,0.31002074,0.45233795,0.22653689,0.33467122,0.43300555,0.23673824,0.42153321,0.40467590,0.16088033,0.22503177,0.12355341,0.14345441,0.20880995,0.39537762,0.33778179,0.37564386,0.49153790,0.19058131,0.37848686,0.42123219,0.35209713,0.36350258,0.57294802,0.42661717,0.47708877,0.51779383,0.76413138,0.40855576,0.52130577,0.46320824,0.41216804,0.52067028,0.79125694,0.84681250,0.59117667,0.81791424,0.79680915,1.05023747,0.44106629,0.45487993,0.50060205,0.46932905
1.17007827,0.51866346,1.03863135,1.23590207,0.67419225,0.68643388,0.72837648,0.46772359,0.63211586,0.73550070,0.75239146,0.55194327,0.34768212,0.40253529,0.25439829,0.14546123,0.33249716,0.00000000,0.53140678,0.23095190,0.10596026,0.10893705,0.10050840,0.45812429,0.64291926,0.15004348,0.28272794,0.44079872,0.32005485,0.18904275,0.43019600,0.38156398,0.43915981,0.59702990,0.17429259,0.25302696,0.50956586,0.46682052,0.20262225,0.58488862,0.31510469,0.57254666,0.69847481,0.73917988,0.43163422,0.62994180,0.74269182,0.31373336,0.58699579,0.74205632,0.45875978,0.51431534,0.81256271,1.03930029,0.46431199,1.27162352,0.55809753,0.65539501,0.72198809,0.64094588
0.63867148,1.05007024,0.50722456,0.70449528,0.85721453,1.21784066,1.25978326,0.95257208,0.67706870,0.46257275,0.33457087,0.42390795,0.51705800,0.23998261,0.49923072,0.49705666,0.31002074,0.53140678,0.00000000,0.76235869,0.42544652,0.53358084,0.63191518,0.18439360,0.11151248,0.60358552,0.35978995,0.42394140,0.32246304,0.34236404,0.32343301,0.59428724,0.53669142,0.06562312,0.69044752,0.38949094,0.57739648,0.62014182,0.55100676,0.27985150,0.77185765,0.62552679,0.16706803,0.23667135,0.96304101,0.56813165,0.56649274,0.66211787,0.61107766,0.21064954,0.99016657,1.04572212,0.38551074,0.50789350,0.99571878,0.74021674,0.63997592,0.65378955,0.69830758,0.66823868
1.28991906,0.60117734,1.15847214,1.35574286,0.79403305,0.45548197,0.49742458,0.58756439,0.75195665,0.85534149,0.87223226,0.67178407,0.46752291,0.52237608,0.37423908,0.26530203,0.45233795,0.23095190,0.76235869,0.00000000,0.33691217,0.33988896,0.24155462,0.68907619,0.87387116,0.38099538,0.51367984,0.67175062,0.55100676,0.41999465,0.66114790,0.61251589,0.67011171,0.82798180,0.40524450,0.48397886,0.74051776,0.69777243,0.43357415,0.81584052,0.54605659,0.80349856,0.92942672,0.97013178,0.57709546,0.86089371,0.97364372,0.54468526,0.81794769,0.97300823,0.43885879,0.49441434,1.04351462,1.27025219,0.65552880,1.50257542,0.78904943,0.88634691,0.95294000,0.87189779
1.06411800,0.62462372,0.93267108,1.12994180,0.56823199,0.79239414,0.83433674,0.52712556,0.52615560,0.62954044,0.64643120,0.44598301,0.24172185,0.29657502,0.14843802,0.07161014,0.22653689,0.10596026,0.42544652,0.33691217,0.00000000,0.10813432,0.20646866,0.35216402,0.53695899,0.17813901,0.17676768,0.33483845,0.21409459,0.08308248,0.32423573,0.27560372,0.33319955,0.49106964,0.26500100,0.14706669,0.40360559,0.36086026,0.12556024,0.47892836,0.34641113,0.46658639,0.59251455,0.63321961,0.53759449,0.52398154,0.63673155,0.23667135,0.48103552,0.63609606,0.56472005,0.62027560,0.70660245,0.93334002,0.57027226,1.16566326,0.45213727,0.54943474,0.61602783,0.53498562
1.17225232,0.62760051,1.04080541,1.23807613,0.67636631,0.79537093,0.83731353,0.53010235,0.63428992,0.73767476,0.75456552,0.55411733,0.34985618,0.40470935,0.25657235,0.14763529,0.33467122,0.10893705,0.53358084,0.33988896,0.10813432,0.00000000,0.09833434,0.34918724,0.53398221,0.07000468,0.17379089,0.33186166,0.21111780,0.19121680,0.32125895,0.27262693,0.33022276,0.59920396,0.15686668,0.14408991,0.40062880,0.35788347,0.09368520,0.47595157,0.23827681,0.46360961,0.58953776,0.63024283,0.42946016,0.52100475,0.63375477,0.20479631,0.47805873,0.63311927,0.45658572,0.51214128,0.70362566,0.93036323,0.46213794,1.16268647,0.44916048,0.54645796,0.61305104,0.53200883
1.27058666,0.58184494,1.13913974,1.33641046,0.77470065,0.69703659,0.73897920,0.56823199,0.73262426,0.83600910,0.85289986,0.65245167,0.44819051,0.50304368,0.35490668,0.24596963,0.43300555,0.10050840,0.63191518,0.24155462,0.20646866,0.09833434,0.00000000,0.44752157,0.63231654,0.13944077,0.27212523,0.43019600,0.30945214,0.28955114,0.41959328,0.37096127,0.42855709,0.69753830,0.16368988,0.24242424,0.49896314,0.45621781,0.19201953,0.57428591,0.30450197,0.56194394,0.68787210,0.72857716,0.33554084,0.61933909,0.73208910,0.30313064,0.57639307,0.73145361,0.35825139,0.41380694,0.80196000,1.02869757,0.41397418,1.26102080,0.54749482,0.64479229,0.71138538,0.63034317
0.82306509,0.97678774,0.69161817,0.88888889,0.78393204,1.14455816,1.18650077,0.87928958,0.60378621,0.38929025,0.40537829,0.35062546,0.44377550,0.16670011,0.42594822,0.42377417,0.23673824,0.45812429,0.18439360,0.68907619,0.35216402,0.34918724,0.44752157,0.00000000,0.18479497,0.41919192,0.17539635,0.23954780,0.13806944,0.26908154,0.13903940,0.40989364,0.35229781,0.25001672,0.50605392,0.20509733,0.39300288,0.43574821,0.36661315,0.12676433,0.58746404,0.44113319,0.24035053,0.28105559,0.77864740,0.38373804,0.38209914,0.47772426,0.42668406,0.28393204,0.80577296,0.86132852,0.35443842,0.58117600,0.81132517,0.81349923,0.45558231,0.46939595,0.51391397,0.48384507
0.74938123,1.16158271,0.61793431,0.81520503,0.96872701,1.32935313,1.37129574,1.06408455,0.78858118,0.57408522,0.44608335,0.53542043,0.62857047,0.35149508,0.61074319,0.60856914,0.42153321,0.64291926,0.11151248,0.87387116,0.53695899,0.53398221,0.63231654,0.18479497,0.00000000,0.49287578,0.36019132,0.31323165,0.32286441,0.45387651,0.21272326,0.48357750,0.42598167,0.17633287,0.57973778,0.38989230,0.46668673,0.50943207,0.44029701,0.16914175,0.66114790,0.51481704,0.05555556,0.12596160,0.85233126,0.45742190,0.45578300,0.55140812,0.50036792,0.09913707,0.87945682,0.93501238,0.27480099,0.39638103,0.88500903,0.62870426,0.52926617,0.54307980,0.58759783,0.55752893
1.24225701,0.66870694,1.11081009,1.30808081,0.74637099,0.83647736,0.87841996,0.57120878,0.70429460,0.80767944,0.82457021,0.62412201,0.41986086,0.47471403,0.32657703,0.21763998,0.40467590,0.15004348,0.60358552,0.38099538,0.17813901,0.07000468,0.13944077,0.41919192,0.49287578,0.00000000,0.24379557,0.29075523,0.28112248,0.26122149,0.28015252,0.23152050,0.28911633,0.66920864,0.08686200,0.21409459,0.35952238,0.31677704,0.05257877,0.43484514,0.16827213,0.42250318,0.54843133,0.58913640,0.35945548,0.47989832,0.59264834,0.16368988,0.43695230,0.59201284,0.38658104,0.44213660,0.66251923,0.88925681,0.39213325,1.12158004,0.40805405,0.50535153,0.57194461,0.49090240
0.99846144,0.80139140,0.86701452,1.06428524,0.60853569,0.96916182,1.01110442,0.70389324,0.46049903,0.56388387,0.58077463,0.38032644,0.26837916,0.23091846,0.25055188,0.24837782,0.16088033,0.28272794,0.35978995,0.51367984,0.17676768,0.17379089,0.27212523,0.17539635,0.36019132,0.24379557,0.00000000,0.15807077,0.03732691,0.09368520,0.14746806,0.23449729,0.17690146,0.42541307,0.33065757,0.02970098,0.22683792,0.26035186,0.19121680,0.30216068,0.41206770,0.28981872,0.41574687,0.45645194,0.60325105,0.34721386,0.45996388,0.30232791,0.30426784,0.45932838,0.63037661,0.68593217,0.52983477,0.75657235,0.63592882,0.98889558,0.28018597,0.37266707,0.43926015,0.35821794
1.06261288,0.95946217,0.93116596,1.12843668,0.76660646,1.12723259,1.16917520,0.86196401,0.58646063,0.62803532,0.64492608,0.44447789,0.42644993,0.29506990,0.40862265,0.40644859,0.22503177,0.44079872,0.42394140,0.67175062,0.33483845,0.33186166,0.43019600,0.23954780,0.31323165,0.29075523,0.15807077,0.00000000,0.12074386,0.25175597,0.10050840,0.17034584,0.11275002,0.48956452,0.26650612,0.18777176,0.15345508,0.19620041,0.23817647,0.14408991,0.34791625,0.20158539,0.25767610,0.29838116,0.53909961,0.18914309,0.30189310,0.23817647,0.18713626,0.41236872,0.56622517,0.62178072,0.37176400,0.59850157,0.57177738,0.83082480,0.21603452,0.22984815,0.28118938,0.24429728
0.96113452,0.83871831,0.82968760,1.02695832,0.64586260,1.00648873,1.04843133,0.74122015,0.46571677,0.52655696,0.54344772,0.34299953,0.30570607,0.19359154,0.28787879,0.28570473,0.12355341,0.32005485,0.32246304,0.55100676,0.21409459,0.21111780,0.30945214,0.13806944,0.32286441,0.28112248,0.03732691,0.12074386,0.00000000,0.13101211,0.11014115,0.27182420,0.21422838,0.38808616,0.36798448,0.06702789,0.25493344,0.29767877,0.22854372,0.26483377,0.44939461,0.30306375,0.37841996,0.41912503,0.64057797,0.30988695,0.42263697,0.33965483,0.28861462,0.42200147,0.66770353,0.72325908,0.49250786,0.71924543,0.67325574,0.95156867,0.31751288,0.33534016,0.40193324,0.34577564
0.98103552,0.70770620,0.84958860,1.04685932,0.51485049,0.87547662,0.91741923,0.61020804,0.44307312,0.54645796,0.56334872,0.36290053,0.17469396,0.21349254,0.15686668,0.15469262,0.14345441,0.18904275,0.34236404,0.41999465,0.08308248,0.19121680,0.28955114,0.26908154,0.45387651,0.26122149,0.09368520,0.25175597,0.13101211,0.00000000,0.24115325,0.25192321,0.25011706,0.40798716,0.34808348,0.06398421,0.32052311,0.27777778,0.20864272,0.39584588,0.42949361,0.38350391,0.50943207,0.55013713,0.62067697,0.44089906,0.55364907,0.31975383,0.39795304,0.55301358,0.64780253,0.70335808,0.62351997,0.85025754,0.65335474,1.08258077,0.36905479,0.46635226,0.53294535,0.45190314
0.96210449,0.94885946,0.83065757,1.02792829,0.75600375,1.11662987,1.15857248,0.85136130,0.57585792,0.52752692,0.54441769,0.34396950,0.41584721,0.19456151,0.39801993,0.39584588,0.20880995,0.43019600,0.32343301,0.66114790,0.32423573,0.32125895,0.41959328,0.13903940,0.21272326,0.28015252,0.14746806,0.10050840,0.11014115,0.24115325,0.00000000,0.27085424,0.21325841,0.38905612,0.36701452,0.17716904,0.25396348,0.29670881,0.22757375,0.15469262,0.44842464,0.30209379,0.26827881,0.30898388,0.63960800,0.24469864,0.31249582,0.33868486,0.28764466,0.31186033,0.66673356,0.72228912,0.38236671,0.60910429,0.67228577,0.84142752,0.31654291,0.33035655,0.37487457,0.34480567
1.23295873,0.90022744,1.10151181,1.29878253,0.73707271,1.06799786,1.10994046,0.80272928,0.69499632,0.79838116,0.81527192,0.61482373,0.41056258,0.46541575,0.34938792,0.34721386,0.39537762,0.38156398,0.59428724,0.61251589,0.27560372,0.27262693,0.37096127,0.40989364,0.48357750,0.23152050,0.23449729,0.17034584,0.27182420,0.25192321,0.27085424,0.00000000,0.05759583,0.65991036,0.20727139,0.20479631,0.12800187,0.08525654,0.17894174,0.31443575,0.17757041,0.19098267,0.42802194,0.35761589,0.36875376,0.24837782,0.36112783,0.06783062,0.20543180,0.58271456,0.39587932,0.45143488,0.43099873,0.65773630,0.40143153,0.89005954,0.17653355,0.27383103,0.34042411,0.25938190
1.17536290,0.95782327,1.04391598,1.24118670,0.76496756,1.12559369,1.16753629,0.86032511,0.63740050,0.74078534,0.75767610,0.55722791,0.42481102,0.40781992,0.40698374,0.40480969,0.33778179,0.43915981,0.53669142,0.67011171,0.33319955,0.33022276,0.42855709,0.35229781,0.42598167,0.28911633,0.17690146,0.11275002,0.21422838,0.25011706,0.21325841,0.05759583,0.00000000,0.60231454,0.26486722,0.18613285,0.07040605,0.08345040,0.23653756,0.25683992,0.23516623,0.13338685,0.37042612,0.30002007,0.42634959,0.19078199,0.30353201,0.12542645,0.14783598,0.52511874,0.45347515,0.50903070,0.37340290,0.60014048,0.45902736,0.83246371,0.11893772,0.21623520,0.28282828,0.20178607
0.57304836,1.11569336,0.55839856,0.63887217,0.92283765,1.28346378,1.32540638,1.01819520,0.74269182,0.52819587,0.40019399,0.48953107,0.58268112,0.30560573,0.56485384,0.56267978,0.37564386,0.59702990,0.06562312,0.82798180,0.49106964,0.59920396,0.69753830,0.25001672,0.17633287,0.66920864,0.42541307,0.48956452,0.38808616,0.40798716,0.38905612,0.65991036,0.60231454,0.00000000,0.75607064,0.45511405,0.64301960,0.68576493,0.61662987,0.34547461,0.83748077,0.69114991,0.23188842,0.30229447,1.02866412,0.63375477,0.63211586,0.72774099,0.67670078,0.14502642,1.05578968,1.11134524,0.45113386,0.44227039,1.06134190,0.67459362,0.70559904,0.71941267,0.76393070,0.73386180
1.32911900,0.69295605,1.19767209,1.39494281,0.83323299,0.86072647,0.90266907,0.62676433,0.79115660,0.89454144,0.91143220,0.71098401,0.50672286,0.56157603,0.41343903,0.30450197,0.49153790,0.17429259,0.69044752,0.40524450,0.26500100,0.15686668,0.16368988,0.50605392,0.57973778,0.08686200,0.33065757,0.26650612,0.36798448,0.34808348,0.36701452,0.20727139,0.26486722,0.75607064,0.00000000,0.30095659,0.33527326,0.29252793,0.13944077,0.41059603,0.14081209,0.39825406,0.52418222,0.56488728,0.27259348,0.45564921,0.56839922,0.13944077,0.41270319,0.67887484,0.29971904,0.35527460,0.63827012,0.86500769,0.30527126,1.09733093,0.38380494,0.48110241,0.54769550,0.46665329
1.02816242,0.77169041,0.89671550,1.09398622,0.57883470,0.93946083,0.98140344,0.67419225,0.49020001,0.59358486,0.61047562,0.41002743,0.23867817,0.26061944,0.22085089,0.21867683,0.19058131,0.25302696,0.38949094,0.48397886,0.14706669,0.14408991,0.24242424,0.20509733,0.38989230,0.21409459,0.02970098,0.18777176,0.06702789,0.06398421,0.17716904,0.20479631,0.18613285,0.45511405,0.30095659,0.00000000,0.25653890,0.23065088,0.16151582,0.33186166,0.38236671,0.31951970,0.44544786,0.48615292,0.57355007,0.37691484,0.48966486,0.27262693,0.33396883,0.48902937,0.60067563,0.65623119,0.55953575,0.78627333,0.60622784,1.01859656,0.30507057,0.40236805,0.46896113,0.38791892
1.21606796,1.02822931,1.08462104,1.28189177,0.83537360,1.19599973,1.23794234,0.93073115,0.67810556,0.78149040,0.79838116,0.59793297,0.49521707,0.44852498,0.47738979,0.47521573,0.37848686,0.50956586,0.57739648,0.74051776,0.40360559,0.40062880,0.49896314,0.39300288,0.46668673,0.35952238,0.22683792,0.15345508,0.25493344,0.32052311,0.25396348,0.12800187,0.07040605,0.64301960,0.33527326,0.25653890,0.00000000,0.04274533,0.30694361,0.29754499,0.19446117,0.06298080,0.41113118,0.34072513,0.38564452,0.12037594,0.23312596,0.19583250,0.07742993,0.56582380,0.41277008,0.46832564,0.30299686,0.52973443,0.41832230,0.76205766,0.06257944,0.14582915,0.21242224,0.13138003
1.25881330,0.98548398,1.12736638,1.32463710,0.79262827,1.15325440,1.19519700,0.88798582,0.72085089,0.82423573,0.84112650,0.64067831,0.45247174,0.49127032,0.43464446,0.43247040,0.42123219,0.46682052,0.62014182,0.69777243,0.36086026,0.35788347,0.45621781,0.43574821,0.50943207,0.31677704,0.26035186,0.19620041,0.29767877,0.27777778,0.29670881,0.08525654,0.08345040,0.68576493,0.29252793,0.23065088,0.04274533,0.00000000,0.26419827,0.34029032,0.15171583,0.10572614,0.45387651,0.38347047,0.34289919,0.16312128,0.27587130,0.15308716,0.12017526,0.60856914,0.37002475,0.42558031,0.34574219,0.57247976,0.37557696,0.80480300,0.09127701,0.18857449,0.25516757,0.17412536
1.18967824,0.72128570,1.05823132,1.25550204,0.69379223,0.88905612,0.93099873,0.62378754,0.65171583,0.75510068,0.77199144,0.57154325,0.36728209,0.42213526,0.27399826,0.16827213,0.35209713,0.20262225,0.55100676,0.43357415,0.12556024,0.09368520,0.19201953,0.36661315,0.44029701,0.05257877,0.19121680,0.23817647,0.22854372,0.20864272,0.22757375,0.17894174,0.23653756,0.61662987,0.13944077,0.16151582,0.30694361,0.26419827,0.00000000,0.38226637,0.22085089,0.36992441,0.49585257,0.53655763,0.41203425,0.42731955,0.54006957,0.11111111,0.38437354,0.53943408,0.43915981,0.49471537,0.60994046,0.83667804,0.44471202,1.06900127,0.35547528,0.45277276,0.51936584,0.43832363
0.91852298,1.10355208,0.78707606,0.98434678,0.91069637,1.27132250,1.31326510,1.00605392,0.73055054,0.51605459,0.50083618,0.47738979,0.57053984,0.29346445,0.55271256,0.55053850,0.36350258,0.58488862,0.27985150,0.81584052,0.47892836,0.47595157,0.57428591,0.12676433,0.16914175,0.43484514,0.30216068,0.14408991,0.26483377,0.39584588,0.15469262,0.31443575,0.25683992,0.34547461,0.41059603,0.33186166,0.29754499,0.34029032,0.38226637,0.00000000,0.49200615,0.34567530,0.11358619,0.15429126,0.68318951,0.28828015,0.28664125,0.38226637,0.33122617,0.26827881,0.71031507,0.76587063,0.22767409,0.45441167,0.71586728,0.68673490,0.36012442,0.37393806,0.41845608,0.38838718
1.41052913,0.83376815,1.27908221,1.47635293,0.91464312,1.00153856,1.04348117,0.73626998,0.87256673,0.97595157,0.99284233,0.79239414,0.58813299,0.64298615,0.49484915,0.38591210,0.57294802,0.31510469,0.77185765,0.54605659,0.34641113,0.23827681,0.30450197,0.58746404,0.66114790,0.16827213,0.41206770,0.34791625,0.44939461,0.42949361,0.44842464,0.17757041,0.23516623,0.83748077,0.14081209,0.38236671,0.19446117,0.15171583,0.22085089,0.49200615,0.00000000,0.25744197,0.60559235,0.53518630,0.19118336,0.31483711,0.42758713,0.10973978,0.27189110,0.76028497,0.21830892,0.27386447,0.49745802,0.72419560,0.22386113,0.95651883,0.24299284,0.34029032,0.40688340,0.32584119
1.26419827,1.09121011,1.13275135,1.33002208,0.89835440,1.25898053,1.30092314,0.99371195,0.72623587,0.82962071,0.84651147,0.64606328,0.55819787,0.49665529,0.54037059,0.53819653,0.42661717,0.57254666,0.62552679,0.80349856,0.46658639,0.46360961,0.56194394,0.44113319,0.51481704,0.42250318,0.28981872,0.20158539,0.30306375,0.38350391,0.30209379,0.19098267,0.13338685,0.69114991,0.39825406,0.31951970,0.06298080,0.10572614,0.36992441,0.34567530,0.25744197,0.00000000,0.45926149,0.38885544,0.33751421,0.05739514,0.17014516,0.25881330,0.01444913,0.61395411,0.36463978,0.42019533,0.24001605,0.46675363,0.37019199,0.69907686,0.01444913,0.08284835,0.14944143,0.06839922
0.80493679,1.21713827,0.67348987,0.87076059,1.02428256,1.38490869,1.42685129,1.11964011,0.84413673,0.62964078,0.50163891,0.59097599,0.68412603,0.40705064,0.66629875,0.66412469,0.47708877,0.69847481,0.16706803,0.92942672,0.59251455,0.58953776,0.68787210,0.24035053,0.05555556,0.54843133,0.41574687,0.25767610,0.37841996,0.50943207,0.26827881,0.42802194,0.37042612,0.23188842,0.52418222,0.44544786,0.41113118,0.45387651,0.49585257,0.11358619,0.60559235,0.45926149,0.00000000,0.07040605,0.79677570,0.40186635,0.40022744,0.49585257,0.44481236,0.15469262,0.82390126,0.87945682,0.21924543,0.34082547,0.82945348,0.57314871,0.47371062,0.48752425,0.53204228,0.50197338
0.87534283,1.25784333,0.74389591,0.94116663,1.06498762,1.42561375,1.46755636,1.16034517,0.88484180,0.67034584,0.54234397,0.63168105,0.72483109,0.44775570,0.70700381,0.70482975,0.51779383,0.73917988,0.23667135,0.97013178,0.63321961,0.63024283,0.72857716,0.28105559,0.12596160,0.58913640,0.45645194,0.29838116,0.41912503,0.55013713,0.30898388,0.35761589,0.30002007,0.30229447,0.56488728,0.48615292,0.34072513,0.38347047,0.53655763,0.15429126,0.53518630,0.38885544,0.07040605,0.00000000,0.72636966,0.33146030,0.32982139,0.42544652,0.37440631,0.22509867,0.75349522,0.80905077,0.14883939,0.30012041,0.75904743,0.53244364,0.40330457,0.41711820,0.46163623,0.43156733
1.60171249,0.91297077,1.47026557,1.66753629,1.10582648,1.03257743,1.07452003,0.89935782,1.06375008,1.16713493,1.18402569,0.98357750,0.77931634,0.83416951,0.68603251,0.57709546,0.76413138,0.43163422,0.96304101,0.57709546,0.53759449,0.42946016,0.33554084,0.77864740,0.85233126,0.35945548,0.60325105,0.53909961,0.64057797,0.62067697,0.63960800,0.36875376,0.42634959,1.02866412,0.27259348,0.57355007,0.38564452,0.34289919,0.41203425,0.68318951,0.19118336,0.33751421,0.79677570,0.72636966,0.00000000,0.39490936,0.39654826,0.30092314,0.35196334,0.95146833,0.13823667,0.08268112,0.57753027,0.69315673,0.07843334,0.92547997,0.32306509,0.30925145,0.37584454,0.29480233
1.20680313,1.14860526,1.07535621,1.27262693,0.95574955,1.31637568,1.35831828,1.05110710,0.77560372,0.77222557,0.78911633,0.58866814,0.61559302,0.43926015,0.59776574,0.59559168,0.40855576,0.62994180,0.56813165,0.86089371,0.52398154,0.52100475,0.61933909,0.38373804,0.45742190,0.47989832,0.34721386,0.18914309,0.30988695,0.44089906,0.24469864,0.24837782,0.19078199,0.63375477,0.45564921,0.37691484,0.12037594,0.16312128,0.42731955,0.28828015,0.31483711,0.05739514,0.40186635,0.33146030,0.39490936,0.00000000,0.11275002,0.31620844,0.04294602,0.55655897,0.42203492,0.47759047,0.18262091,0.40935849,0.42758713,0.64168172,0.07184427,0.08565790,0.13017593,0.10010703
1.20516423,1.26135527,1.07371731,1.27098803,1.06849957,1.42912569,1.47106830,1.16385711,0.88835374,0.77058666,0.78747742,0.63519299,0.72834303,0.45126764,0.71051575,0.70834170,0.52130577,0.74269182,0.56649274,0.97364372,0.63673155,0.63375477,0.73208910,0.38209914,0.45578300,0.59264834,0.45996388,0.30189310,0.42263697,0.55364907,0.31249582,0.36112783,0.30353201,0.63211586,0.56839922,0.48966486,0.23312596,0.27587130,0.54006957,0.28664125,0.42758713,0.17014516,0.40022744,0.32982139,0.39654826,0.11275002,0.00000000,0.42895846,0.15569603,0.55492006,0.53478494,0.47922938,0.18098201,0.29660847,0.42922604,0.52893170,0.18459429,0.08729681,0.13181484,0.10174594
1.30078935,0.83239682,1.16934243,1.36661315,0.80490334,1.00016724,1.04210984,0.73489866,0.76282694,0.86621179,0.88310255,0.68265436,0.47839320,0.53324637,0.38510937,0.27938324,0.46320824,0.31373336,0.66211787,0.54468526,0.23667135,0.20479631,0.30313064,0.47772426,0.55140812,0.16368988,0.30232791,0.23817647,0.33965483,0.31975383,0.33868486,0.06783062,0.12542645,0.72774099,0.13944077,0.27262693,0.19583250,0.15308716,0.11111111,0.38226637,0.10973978,0.25881330,0.49585257,0.42544652,0.30092314,0.31620844,0.42895846,0.00000000,0.27326243,0.65054519,0.32804870,0.38360425,0.49882935,0.72556693,0.33360091,0.95789016,0.24436417,0.34166165,0.40825473,0.32721252
1.24974915,1.10565924,1.11830223,1.31557295,0.91280353,1.27342966,1.31537227,1.00816108,0.73265770,0.81517158,0.83206235,0.63161415,0.57264700,0.48220617,0.55481972,0.55264566,0.41216804,0.58699579,0.61107766,0.81794769,0.48103552,0.47805873,0.57639307,0.42668406,0.50036792,0.43695230,0.30426784,0.18713626,0.28861462,0.39795304,0.28764466,0.20543180,0.14783598,0.67670078,0.41270319,0.33396883,0.07742993,0.12017526,0.38437354,0.33122617,0.27189110,0.01444913,0.44481236,0.37440631,0.35196334,0.04294602,0.15569603,0.27326243,0.00000000,0.59950498,0.37908890,0.43464446,0.22556693,0.45230450,0.38464111,0.68462773,0.02889825,0.06839922,0.13499231,0.05716101
0.65024416,1.26071978,0.70342498,0.71606796,1.06786407,1.42849020,1.47043280,1.16322162,0.88771824,0.67322229,0.54522042,0.63455750,0.72770754,0.45063215,0.70988026,0.70770620,0.52067028,0.74205632,0.21064954,0.97300823,0.63609606,0.63311927,0.73145361,0.28393204,0.09913707,0.59201284,0.45932838,0.41236872,0.42200147,0.55301358,0.31186033,0.58271456,0.52511874,0.14502642,0.67887484,0.48902937,0.56582380,0.60856914,0.53943408,0.26827881,0.76028497,0.61395411,0.15469262,0.22509867,0.95146833,0.55655897,0.55492006,0.65054519,0.59950498,0.00000000,0.97859389,1.03414944,0.37393806,0.29724396,0.98414610,0.52956720,0.62840324,0.64221687,0.68673490,0.65666600
1.62883805,0.94009633,1.49739113,1.69466185,1.13295204,0.89434076,0.93628336,0.92648338,1.09087564,1.19426049,1.21115125,1.01070306,0.80644190,0.86129507,0.71315807,0.60422102,0.79125694,0.45875978,0.99016657,0.43885879,0.56472005,0.45658572,0.35825139,0.80577296,0.87945682,0.38658104,0.63037661,0.56622517,0.66770353,0.64780253,0.66673356,0.39587932,0.45347515,1.05578968,0.29971904,0.60067563,0.41277008,0.37002475,0.43915981,0.71031507,0.21830892,0.36463978,0.82390126,0.75349522,0.13823667,0.42203492,0.53478494,0.32804870,0.37908890,0.97859389,0.00000000,0.05555556,0.60465583,0.83139340,0.21667001,1.06371664,0.35019065,0.44748813,0.51408121,0.43303900
1.68439360,0.99565188,1.55294669,1.75021741,1.18850759,0.94989631,0.99183892,0.98203893,1.14643120,1.24981604,1.26670680,1.06625861,0.86199746,0.91685063,0.76871363,0.65977657,0.84681250,0.51431534,1.04572212,0.49441434,0.62027560,0.51214128,0.41380694,0.86132852,0.93501238,0.44213660,0.68593217,0.62178072,0.72325908,0.70335808,0.72228912,0.45143488,0.50903070,1.11134524,0.35527460,0.65623119,0.46832564,0.42558031,0.49471537,0.76587063,0.27386447,0.42019533,0.87945682,0.80905077,0.08268112,0.47759047,0.47922938,0.38360425,0.43464446,1.03414944,0.05555556,0.00000000,0.66021139,0.77583785,0.16111446,1.00816108,0.40574620,0.39193257,0.45852565,0.37748344
1.02418222,1.33122617,0.89273530,1.09000602,1.13837046,1.49899659,1.54093919,1.23372801,0.95822463,0.74372868,0.61572680,0.70506388,0.79821393,0.52113854,0.78038665,0.77821259,0.59117667,0.81256271,0.38551074,1.04351462,0.70660245,0.70362566,0.80196000,0.35443842,0.27480099,0.66251923,0.52983477,0.37176400,0.49250786,0.62351997,0.38236671,0.43099873,0.37340290,0.45113386,0.63827012,0.55953575,0.30299686,0.34574219,0.60994046,0.22767409,0.49745802,0.24001605,0.21924543,0.14883939,0.57753027,0.18262091,0.18098201,0.49882935,0.22556693,0.37393806,0.60465583,0.66021139,0.00000000,0.22673757,0.61020804,0.45906081,0.25446518,0.26827881,0.31279684,0.28272794
0.90855576,1.55796374,1.00066894,0.97437956,1.36510803,1.72573416,1.76767677,1.46046558,1.18496220,0.97046625,0.84246438,0.93180146,1.02495150,0.74787611,1.00712422,1.00495016,0.81791424,1.03930029,0.50789350,1.27025219,0.93334002,0.93036323,1.02869757,0.58117600,0.39638103,0.88925681,0.75657235,0.59850157,0.71924543,0.85025754,0.60910429,0.65773630,0.60014048,0.44227039,0.86500769,0.78627333,0.52973443,0.57247976,0.83667804,0.45441167,0.72419560,0.46675363,0.34082547,0.30012041,0.69315673,0.40935849,0.29660847,0.72556693,0.45230450,0.29724396,0.83139340,0.77583785,0.22673757,0.00000000,0.72583450,0.23232323,0.48120276,0.38390528,0.42842331,0.39835440
1.63439026,0.94564854,1.50294334,1.70021406,1.13850425,1.11101077,1.15295337,0.93203559,1.09642785,1.19981270,1.21670346,1.01625527,0.81199411,0.86684728,0.71871028,0.60977323,0.79680915,0.46431199,0.99571878,0.65552880,0.57027226,0.46213794,0.41397418,0.81132517,0.88500903,0.39213325,0.63592882,0.57177738,0.67325574,0.65335474,0.67228577,0.40143153,0.45902736,1.06134190,0.30527126,0.60622784,0.41832230,0.37557696,0.44471202,0.71586728,0.22386113,0.37019199,0.82945348,0.75904743,0.07843334,0.42758713,0.42922604,0.33360091,0.38464111,0.98414610,0.21667001,0.16111446,0.61020804,0.72583450,0.00000000,0.84704663,0.35574286,0.34192923,0.29741120,0.32748010
1.10154525,1.79028698,1.23299217,1.03572145,1.59743127,1.95805740,2.00000000,1.69278882,1.41728544,1.20278948,1.07478761,1.16412469,1.25727473,0.98019934,1.23944745,1.23727340,1.05023747,1.27162352,0.74021674,1.50257542,1.16566326,1.16268647,1.26102080,0.81349923,0.62870426,1.12158004,0.98889558,0.83082480,0.95156867,1.08258077,0.84142752,0.89005954,0.83246371,0.67459362,1.09733093,1.01859656,0.76205766,0.80480300,1.06900127,0.68673490,0.95651883,0.69907686,0.57314871,0.53244364,0.92547997,0.64168172,0.52893170,0.95789016,0.68462773,0.52956720,1.06371664,1.00816108,0.45906081,0.23232323,0.84704663,0.00000000,0.71352599,0.61622851,0.54963543,0.63067764
1.27864740,1.07676099,1.14720048,1.34447120,0.88390528,1.24453141,1.28647401,0.97926283,0.74068500,0.84406984,0.86096060,0.66051241,0.54374875,0.51110442,0.52592147,0.52374741,0.44106629,0.55809753,0.63997592,0.78904943,0.45213727,0.44916048,0.54749482,0.45558231,0.52926617,0.40805405,0.28018597,0.21603452,0.31751288,0.36905479,0.31654291,0.17653355,0.11893772,0.70559904,0.38380494,0.30507057,0.06257944,0.09127701,0.35547528,0.36012442,0.24299284,0.01444913,0.47371062,0.40330457,0.32306509,0.07184427,0.18459429,0.24436417,0.02889825,0.62840324,0.35019065,0.40574620,0.25446518,0.48120276,0.35574286,0.71352599,0.00000000,0.09729748,0.16389056,0.08284835
1.29246103,1.17405847,1.16101411,1.35828484,0.98120276,1.34182888,1.38377149,1.07656031,0.80105693,0.85788347,0.87477423,0.67432604,0.64104622,0.52491805,0.62321894,0.62104489,0.45487993,0.65539501,0.65378955,0.88634691,0.54943474,0.54645796,0.64479229,0.46939595,0.54307980,0.50535153,0.37266707,0.22984815,0.33534016,0.46635226,0.33035655,0.27383103,0.21623520,0.71941267,0.48110241,0.40236805,0.14582915,0.18857449,0.45277276,0.37393806,0.34029032,0.08284835,0.48752425,0.41711820,0.30925145,0.08565790,0.08729681,0.34166165,0.06839922,0.64221687,0.44748813,0.39193257,0.26827881,0.38390528,0.34192923,0.61622851,0.09729748,0.00000000,0.06659308,0.01444913
1.33697906,1.24065155,1.20553214,1.40280286,1.04779584,1.40842197,1.45036457,1.14315339,0.86765001,0.90240150,0.91929226,0.71884407,0.70763931,0.56943608,0.68981203,0.68763797,0.50060205,0.72198809,0.69830758,0.95294000,0.61602783,0.61305104,0.71138538,0.51391397,0.58759783,0.57194461,0.43926015,0.28118938,0.40193324,0.53294535,0.37487457,0.34042411,0.28282828,0.76393070,0.54769550,0.46896113,0.21242224,0.25516757,0.51936584,0.41845608,0.40688340,0.14944143,0.53204228,0.46163623,0.37584454,0.13017593,0.13181484,0.40825473,0.13499231,0.68673490,0.51408121,0.45852565,0.31279684,0.42842331,0.29741120,0.54963543,0.16389056,0.06659308,0.00000000,0.08104221
1.30691016,1.15960934,1.17546324,1.37273396,0.96675363,1.32737976,1.36932236,1.06211118,0.78660780,0.87233260,0.88922336,0.68877517,0.62659710,0.53936718,0.60876982,0.60659576,0.46932905,0.64094588,0.66823868,0.87189779,0.53498562,0.53200883,0.63034317,0.48384507,0.55752893,0.49090240,0.35821794,0.24429728,0.34577564,0.45190314,0.34480567,0.25938190,0.20178607,0.73386180,0.46665329,0.38791892,0.13138003,0.17412536,0.43832363,0.38838718,0.32584119,0.06839922,0.50197338,0.43156733,0.29480233,0.10010703,0.10174594,0.32721252,0.05716101,0.65666600,0.43303900,0.37748344,0.28272794,0.39835440,0.32748010,0.63067764,0.08284835,0.01444913,0.08104221,0.00000000
