0.00000000,0.69185512,0.15646259,0.21695165,0.26273212,0.52767053,0.66041552,0.17328986,0.18162009,0.49087852,0.21998086,0.32007791,0.38723856,0.41422372,0.50808506,0.61177757,0.37090326,0.38748961,0.42184993,0.49529141,0.52982677,0.58800251,0.57668501,0.54230683,0.60289402,0.68806709,0.65014381,0.64448520,0.70138367,0.69714431,0.79490214,0.47899838,0.71059416,0.93525384,0.63314425,0.52668333,0.76611341,0.73850006,0.89377782,0.78581272,0.68962272,0.79699172,0.85320189,0.87343744,0.78992368,0.79003116,1.02259745,0.73688855,0.78535312,0.82829211,0.91532639,0.89515613,1.12381264,0.78833137,0.68577744,0.96890756,1.24240248,1.00070314,0.84650855,0.89888235
0.69185512,0.00000000,0.53539254,0.90880677,0.95458724,0.16418459,0.03143960,0.52937411,0.55394325,0.27656594,0.66240204,0.57358326,0.56435555,0.52850915,0.50267357,0.48867268,0.82189365,0.68020957,0.83216105,0.96135011,0.65646228,0.67943252,0.59673954,0.76933612,0.78061764,0.75783113,0.82940006,1.03518093,0.87014742,0.88301816,0.83539666,0.78079967,0.64302827,0.68635690,0.97010372,0.88503118,0.60936138,0.97755349,0.83529198,0.74926983,0.91374337,0.98119446,1.00838021,0.95955793,1.06748850,0.84171526,0.91610898,1.00509702,0.84819341,1.22942495,1.02438292,1.14798710,0.95138522,0.66882430,0.94066151,1.06598666,1.00103063,1.23772733,1.03726765,1.08043367
0.15646259,0.53539254,0.00000000,0.37341423,0.41919470,0.37120794,0.50395293,0.05333625,0.10560237,0.34640635,0.23001731,0.26441374,0.32295634,0.33492964,0.41610643,0.50977079,0.41887361,0.37021521,0.45885743,0.56131369,0.48054250,0.53682828,0.50410173,0.52694484,0.57906693,0.64224566,0.63158280,0.69282044,0.68421408,0.68459025,0.75035357,0.48130499,0.63284424,0.83645312,0.66277847,0.55500627,0.67409283,0.74457125,0.83198575,0.72183556,0.68780578,0.79088646,0.84232652,0.84547244,0.81043342,0.74796572,0.95668602,0.75159582,0.74580522,0.88823794,0.89548460,0.91343173,1.04798137,0.70591481,0.69301716,0.94851874,1.15643192,1.01863838,0.84502900,0.89748914
0.21695165,0.90880677,0.37341423,0.00000000,0.04578047,0.74462217,0.87736716,0.38566372,0.37983390,0.69978870,0.35091590,0.47809643,0.54246569,0.57876001,0.67604197,0.78353034,0.40749156,0.49930966,0.46236017,0.47916349,0.65633500,0.71174150,0.72274021,0.63078179,0.69537367,0.79935733,0.73258945,0.63776589,0.77842108,0.76881439,0.89907430,0.55441942,0.85486300,1.09472918,0.65470130,0.56207409,0.92287989,0.78352421,1.01376377,0.91228254,0.74837330,0.85419607,0.91352866,0.95423209,0.81208366,0.89155511,1.14350825,0.77049509,0.88417018,0.79019032,0.98420299,0.91459600,1.25392477,0.93447330,0.73311824,1.03634101,1.38222100,1.01597265,0.89501946,0.94470767
0.26273212,0.95458724,0.41919470,0.04578047,0.00000000,0.79040265,0.92314764,0.43106116,0.42401113,0.74446028,0.38851457,0.51693229,0.58030165,0.61763055,0.71486242,0.82250689,0.42905380,0.53128428,0.48307707,0.48816936,0.68881686,0.74333143,0.75791151,0.65712624,0.72173952,0.82820952,0.75681656,0.64572072,0.80126362,0.79074278,0.92606681,0.57953073,0.88908731,1.13082844,0.66822158,0.57972940,0.95896185,0.80024916,1.04309260,0.94318872,0.76806117,0.87270303,0.93223014,0.97659966,0.82401400,0.91810871,1.17256371,0.78509896,0.91027355,0.78956694,1.00413721,0.92516901,1.28438241,0.96870890,0.75077607,1.05572941,1.41421356,1.02504946,0.91154550,0.96037906
0.52767053,0.16418459,0.37120794,0.74462217,0.79040265,0.00000000,0.13274499,0.36636683,0.39398748,0.16995453,0.50941005,0.43428120,0.43802357,0.40880136,0.40907624,0.42931840,0.67912806,0.54943732,0.69552289,0.82246769,0.55556912,0.58948557,0.51369077,0.65922379,0.68145282,0.68098070,0.73370986,0.91062167,0.77947561,0.78954732,0.77174180,0.65786410,0.59038472,0.69298796,0.85221101,0.75933718,0.57952748,0.87842124,0.79691632,0.69862878,0.81425708,0.89351937,0.92824654,0.89255507,0.96465034,0.77578060,0.89532846,0.90150401,0.78002317,1.10858914,0.95526163,1.05292520,0.95048052,0.63404728,0.83655889,1.00140526,1.02172944,1.14866249,0.95079536,0.99770966
0.66041552,0.03143960,0.50395293,0.87736716,0.92314764,0.13274499,0.00000000,0.49810009,0.52311062,0.25139525,0.63267148,0.54583849,0.53858607,0.50364940,0.48183615,0.47349120,0.79391476,0.65400261,0.80520003,0.93412035,0.63510067,0.65999955,0.57815699,0.74671477,0.75988629,0.74091899,0.80937576,1.01045300,0.85108237,0.86348765,0.82105076,0.75604715,0.62998275,0.68459025,0.94646112,0.85995834,0.60029648,0.95718642,0.82555733,0.73701508,0.89321560,0.96285764,0.99143339,0.94488875,1.04658517,0.82697580,0.90987584,0.98398445,0.83306907,1.20549305,1.00944755,1.12855526,0.94901576,0.65914802,0.91937074,1.05194457,1.00294880,1.21946533,1.01923076,1.06312938
0.17328986,0.52937411,0.05333625,0.38566372,0.43106116,0.36636683,0.49810009,0.00000000,0.05533940,0.31763642,0.18759939,0.21121955,0.26969469,0.28258248,0.36587619,0.46197750,0.37810466,0.31898597,0.41500082,0.52274383,0.42720749,0.48352933,0.45179784,0.47493032,0.52632507,0.58892079,0.57904898,0.64906465,0.63167210,0.63236099,0.69703876,0.43140715,0.58135874,0.78877171,0.61571999,0.50844776,0.62476929,0.69391505,0.77936194,0.66924890,0.63648503,0.73895891,0.78996816,0.79228969,0.76138650,0.69463232,0.90446506,0.70195426,0.69247061,0.84601652,0.84256885,0.86382695,0.99681647,0.65515571,0.64264976,0.89554590,1.10674232,0.96879206,0.79340402,0.84579105
0.18162009,0.55394325,0.10560237,0.37983390,0.42401113,0.39398748,0.52311062,0.05533940,0.00000000,0.32112858,0.13480020,0.16155561,0.22386406,0.24235398,0.33167112,0.43270807,0.32507457,0.26463763,0.36051949,0.47053997,0.37910200,0.43625834,0.41044431,0.42140717,0.47411576,0.54096123,0.52635291,0.59444996,0.57898112,0.57912496,0.64919600,0.37635138,0.54229404,0.75822162,0.56041416,0.45321208,0.59119352,0.63922107,0.73592672,0.62613468,0.58223392,0.68530943,0.73692195,0.74159642,0.70615276,0.64626137,0.86241685,0.64685151,0.64358571,0.79185109,0.79075771,0.80872357,0.95788816,0.61792969,0.58780735,0.84390971,1.07134709,0.91376624,0.73942719,0.79188697
0.49087852,0.27656594,0.34640635,0.69978870,0.74446028,0.16995453,0.25139525,0.31763642,0.32112858,0.00000000,0.40443211,0.30155715,0.28784098,0.25225462,0.23984543,0.26399127,0.54955403,0.40393294,0.55682447,0.68643823,0.38916331,0.42045832,0.34377871,0.49732888,0.51500899,0.51102823,0.56639980,0.75906027,0.61109763,0.62181463,0.60243439,0.50465264,0.42434618,0.55396489,0.69551976,0.60863741,0.42267128,0.71251817,0.63323599,0.53211168,0.64831912,0.72479594,0.75860920,0.72277829,0.80025977,0.60622816,0.73746633,0.73728455,0.61028553,0.95429198,0.78535312,0.88610576,0.80174410,0.47373573,0.67239607,0.83169611,0.88509025,0.98053290,0.78195486,0.82839945
0.21998086,0.66240204,0.23001731,0.35091590,0.38851457,0.50941005,0.63267148,0.18759939,0.13480020,0.40443211,0.00000000,0.12957476,0.19179152,0.22979278,0.32676239,0.43444963,0.19053150,0.16761854,0.22884806,0.33574084,0.31523897,0.37293221,0.37355307,0.32280307,0.38293589,0.47017269,0.43065988,0.46281703,0.48224407,0.47880890,0.57615983,0.26326064,0.50694700,0.74407301,0.43475564,0.32663502,0.57230469,0.52651113,0.67923183,0.57314257,0.47421500,0.58072573,0.63582507,0.65355282,0.58597156,0.57090197,0.80881951,0.52923655,0.56590498,0.65880568,0.69631175,0.69026100,0.91395797,0.58628706,0.47400613,0.74990571,1.03770406,0.79594691,0.63197713,0.68457810
0.32007791,0.57358326,0.26441374,0.47809643,0.51693229,0.43428120,0.54583849,0.21121955,0.16155561,0.30155715,0.12957476,0.00000000,0.06728540,0.10070878,0.19798031,0.30558218,0.24844305,0.12223822,0.26124201,0.38882367,0.21763191,0.27504281,0.25660776,0.26814599,0.31609847,0.37945138,0.36947946,0.48183615,0.42197905,0.42384111,0.48768430,0.23801973,0.39056496,0.62023203,0.43257969,0.33167112,0.44925648,0.49193289,0.57713642,0.46798473,0.43185210,0.53135304,0.58069709,0.58107171,0.56624342,0.48470577,0.70485043,0.50460682,0.48207248,0.68141344,0.63167210,0.66544948,0.80405128,0.46860209,0.44243206,0.68453149,0.92251490,0.76890087,0.58684834,0.63882931
0.38723856,0.56435555,0.32295634,0.54246569,0.58030165,0.43802357,0.53858607,0.26969469,0.22386406,0.28784098,0.19179152,0.06728540,0.00000000,0.04394190,0.13632777,0.24362389,0.27209956,0.11661579,0.27129931,0.40119486,0.15844868,0.21393872,0.18950860,0.23031457,0.26902800,0.31955405,0.32342576,0.47323056,0.37498707,0.37936353,0.42752230,0.21984166,0.32335632,0.55381612,0.41458088,0.32211371,0.38252775,0.45584317,0.51220930,0.40260440,0.39338092,0.48742305,0.53345209,0.52637243,0.53597392,0.42542786,0.63923716,0.47315525,0.42373682,0.67062318,0.57978058,0.63122165,0.73729013,0.40131832,0.40907624,0.63192664,0.85525590,0.73252561,0.54407976,0.59514245
0.41422372,0.52850915,0.33492964,0.57876001,0.61763055,0.40880136,0.50364940,0.28258248,0.24235398,0.25225462,0.22979278,0.10070878,0.04394190,0.00000000,0.09728322,0.20487700,0.31532617,0.15708471,0.31226463,0.44192909,0.16085240,0.21060851,0.16921671,0.25136427,0.28145872,0.31582849,0.33567124,0.50680676,0.38559858,0.39217006,0.42213090,0.25239803,0.29996107,0.52182723,0.44431425,0.35653015,0.35193702,0.47441971,0.49715359,0.38698011,0.41085034,0.49961077,0.54235118,0.52756060,0.55788758,0.42139225,0.62188264,0.49474880,0.42106869,0.70241477,0.58378688,0.64998147,0.71560923,0.37579563,0.42999898,0.63490487,0.82963627,0.74934478,0.55684131,0.60683110
0.50808506,0.50267357,0.41610643,0.67604197,0.71486242,0.40907624,0.48183615,0.36587619,0.33167112,0.23984543,0.32676239,0.19798031,0.13632777,0.09728322,0.00000000,0.10768886,0.39271925,0.22982166,0.37947202,0.50565399,0.15408192,0.18061569,0.10732960,0.27011284,0.27806192,0.27415026,0.32790380,0.54583849,0.37147250,0.38271719,0.37202585,0.29794205,0.21950667,0.42721822,0.47411275,0.40187104,0.25958555,0.47538192,0.42668996,0.31790194,0.41138189,0.48498144,0.51925695,0.48816936,0.56486064,0.37409396,0.54599000,0.50242348,0.37661629,0.73338883,0.54918490,0.64756846,0.63247356,0.29001906,0.43802357,0.59724892,0.74091899,0.74091899,0.54211511,0.58865981
0.61177757,0.48867268,0.50977079,0.78353034,0.82250689,0.42931840,0.47349120,0.46197750,0.43270807,0.26399127,0.43444963,0.30558218,0.24362389,0.20487700,0.10768886,0.00000000,0.48950803,0.32802268,0.46975547,0.59087602,0.21307435,0.20994626,0.12639059,0.33032953,0.31762759,0.27109989,0.35801561,0.60966628,0.39128752,0.40676263,0.34774520,0.37637690,0.16106661,0.32681026,0.53177316,0.47530684,0.16818116,0.50522650,0.36925620,0.26933742,0.44399507,0.49769955,0.52089757,0.47140643,0.59757490,0.35349283,0.47645360,0.53799049,0.35963609,0.78610806,0.53597392,0.66815491,0.55029992,0.21237308,0.47671581,0.57873137,0.64906465,0.75290556,0.55241729,0.59351182
0.37090326,0.82189365,0.41887361,0.40749156,0.42905380,0.67912806,0.79391476,0.37810466,0.32507457,0.54955403,0.19053150,0.24844305,0.27209956,0.31532617,0.39271925,0.48950803,0.00000000,0.16289759,0.05528287,0.14647584,0.29931851,0.34346401,0.38637478,0.23463648,0.29811260,0.41112525,0.32878342,0.27669702,0.37224918,0.36176831,0.50204862,0.15515929,0.50122021,0.75016219,0.26316310,0.15958513,0.58386179,0.37980613,0.62497230,0.53294218,0.34114733,0.44766564,0.50673011,0.54756497,0.42136337,0.49315156,0.75260634,0.37194965,0.48445286,0.46952000,0.57675983,0.52654233,0.86847980,0.57799860,0.32813781,0.62904419,1.00372224,0.63160145,0.49095340,0.54191034
0.38748961,0.68020957,0.37021521,0.49930966,0.53128428,0.54943732,0.65400261,0.31898597,0.26463763,0.40393294,0.16761854,0.12223822,0.11661579,0.15708471,0.22982166,0.32802268,0.16289759,0.00000000,0.15518066,0.28491280,0.15760663,0.21243665,0.23388808,0.15825442,0.21596698,0.30438739,0.26537058,0.36187054,0.31763573,0.31608243,0.40923619,0.11606952,0.35995159,0.60629173,0.31037000,0.21084511,0.43589783,0.37512478,0.51638902,0.41315480,0.31759635,0.42119234,0.47399272,0.48669567,0.44588287,0.40364921,0.64628556,0.38500651,0.39842388,0.56095585,0.53135304,0.54658107,0.75490759,0.43927028,0.32428172,0.58488140,0.88308492,0.65093696,0.47489071,0.52740190
0.42184993,0.83216105,0.45885743,0.46236017,0.48307707,0.69552289,0.80520003,0.41500082,0.36051949,0.55682447,0.22884806,0.26124201,0.27129931,0.31226463,0.37947202,0.46975547,0.05528287,0.15518066,0.00000000,0.12991086,0.26849280,0.30673196,0.35872664,0.18872848,0.25025240,0.36564140,0.27710328,0.23411287,0.31893099,0.30776689,0.45253733,0.11042628,0.46554198,0.71381991,0.21134370,0.10544861,0.55078756,0.32466192,0.57766858,0.48920264,0.28606007,0.39242270,0.45153170,0.49368983,0.36842179,0.44315179,0.70418149,0.31763573,0.43396711,0.43152326,0.52184900,0.47368649,0.82126210,0.54039652,0.27289741,0.57401116,0.95793618,0.57906323,0.43573341,0.48678026
0.49529141,0.96135011,0.56131369,0.47916349,0.48816936,0.82246769,0.93412035,0.52274383,0.47053997,0.68643823,0.33574084,0.38882367,0.40119486,0.44192909,0.50565399,0.59087602,0.14647584,0.28491280,0.12991086,0.00000000,0.38205552,0.41026623,0.47361647,0.28040205,0.33015526,0.44656910,0.33808735,0.15874037,0.36564140,0.34900661,0.51519257,0.21584850,0.56658404,0.81014495,0.18700598,0.13564966,0.65495653,0.32702843,0.64613318,0.57136357,0.31248615,0.40520580,0.46386997,0.52679816,0.33712844,0.50385744,0.76593696,0.30438739,0.49261722,0.33307385,0.53977553,0.43708676,0.88640016,0.63637290,0.28427616,0.58769206,1.02706772,0.53711987,0.43481069,0.48022035
0.52982677,0.65646228,0.48054250,0.65633500,0.68881686,0.55556912,0.63510067,0.42720749,0.37910200,0.38916331,0.31523897,0.21763191,0.15844868,0.16085240,0.15408192,0.21307435,0.29931851,0.15760663,0.26849280,0.38205552,0.00000000,0.05819065,0.09156095,0.11891840,0.12593387,0.16187334,0.17842909,0.39832342,0.22633498,0.23467870,0.27010299,0.16620702,0.20393138,0.45224696,0.32306659,0.26236580,0.28457114,0.32335632,0.36430769,0.25798181,0.25915599,0.34080059,0.38180435,0.36846234,0.41161765,0.26743158,0.49368983,0.34890196,0.26539433,0.58122746,0.42337768,0.49737339,0.59932083,0.28263508,0.28427616,0.47491704,0.72589007,0.59376764,0.39821422,0.44735424
0.58800251,0.67943252,0.53682828,0.71174150,0.74333143,0.58948557,0.65999955,0.48352933,0.43625834,0.42045832,0.37293221,0.27504281,0.21393872,0.21060851,0.18061569,0.20994626,0.34346401,0.21243665,0.30673196,0.41026623,0.05819065,0.00000000,0.08499611,0.13145799,0.10768886,0.10582061,0.15075801,0.40445112,0.19125478,0.20358580,0.21358821,0.19814563,0.15881821,0.40728790,0.32423647,0.28185328,0.24527943,0.29928644,0.30634592,0.20094314,0.23640995,0.30438739,0.33963766,0.31724327,0.39074358,0.21175715,0.43588816,0.32983341,0.21074329,0.57636225,0.37485074,0.46860209,0.54266343,0.23454505,0.26743471,0.42516875,0.67088353,0.56052591,0.36149953,0.40828053
0.57668501,0.59673954,0.50410173,0.72274021,0.75791151,0.51369077,0.57815699,0.45179784,0.41044431,0.34377871,0.37355307,0.25660776,0.18950860,0.16921671,0.10732960,0.12639059,0.38637478,0.23388808,0.35872664,0.47361647,0.09156095,0.08499611,0.00000000,0.20506733,0.19209900,0.16749547,0.23545365,0.48374705,0.27354890,0.28713485,0.26494306,0.25776797,0.13411385,0.37365068,0.40542439,0.35254433,0.20235889,0.38386420,0.32838882,0.21824992,0.32127959,0.38470152,0.41533985,0.38099600,0.47556301,0.26680136,0.45266996,0.41480922,0.26929832,0.65997306,0.44243206,0.55158504,0.54802670,0.21292936,0.35238858,0.49009378,0.66614990,0.64130923,0.44117266,0.48598824
0.54230683,0.76933612,0.52694484,0.63078179,0.65712624,0.65922379,0.74671477,0.47493032,0.42140717,0.49732888,0.32280307,0.26814599,0.23031457,0.25136427,0.27011284,0.33032953,0.23463648,0.15825442,0.18872848,0.28040205,0.11891840,0.13145799,0.20506733,0.00000000,0.06462856,0.17700624,0.10786181,0.27962441,0.15963892,0.15792214,0.26902710,0.07948988,0.28618304,0.53091707,0.20440399,0.15039529,0.37473852,0.22566639,0.39033603,0.30056036,0.16404395,0.26403563,0.31585503,0.33158491,0.30662865,0.26099106,0.51819421,0.24354688,0.25339212,0.46331101,0.37365600,0.40091789,0.63385493,0.35693007,0.17903214,0.42723862,0.76959337,0.50267075,0.31890855,0.37109802
0.60289402,0.78061764,0.57906693,0.69537367,0.72173952,0.68145282,0.75988629,0.52632507,0.47411576,0.51500899,0.38293589,0.31609847,0.26902800,0.28145872,0.27806192,0.31762759,0.29811260,0.21596698,0.25025240,0.33015526,0.12593387,0.10768886,0.19209900,0.06462856,0.00000000,0.11727253,0.05445486,0.30119599,0.10618654,0.11079298,0.20451749,0.14319292,0.24379482,0.48104594,0.21913723,0.19513410,0.33351719,0.19757909,0.32743341,0.24229824,0.13343310,0.21864235,0.26498592,0.27073769,0.28688493,0.19636998,0.45451678,0.22475905,0.18879993,0.46876154,0.31676341,0.37147250,0.57103943,0.30807749,0.16105685,0.37007348,0.70787714,0.46862860,0.27563769,0.32626224
0.68806709,0.75783113,0.64224566,0.79935733,0.82820952,0.68098070,0.74091899,0.58892079,0.54096123,0.51102823,0.47017269,0.37945138,0.31955405,0.31582849,0.27415026,0.27109989,0.41112525,0.30438739,0.36564140,0.44656910,0.16187334,0.10582061,0.16749547,0.17700624,0.11727253,0.00000000,0.11877183,0.40136054,0.12991086,0.14897103,0.10823489,0.25628969,0.14862708,0.36836840,0.31752160,0.31105326,0.23469606,0.24711152,0.21503884,0.12505483,0.19407206,0.22752300,0.25056364,0.21451679,0.33873782,0.10593938,0.34435495,0.28491280,0.10527103,0.54691369,0.27504281,0.39938200,0.45783378,0.19874977,0.23272558,0.32342576,0.59266569,0.48183615,0.28145197,0.32271653
0.65014381,0.82940006,0.63158280,0.73258945,0.75681656,0.73370986,0.80937576,0.57904898,0.52635291,0.56639980,0.43065988,0.36947946,0.32342576,0.33567124,0.32790380,0.35801561,0.32878342,0.26537058,0.27710328,0.33808735,0.17842909,0.15075801,0.23545365,0.10786181,0.05445486,0.11877183,0.00000000,0.28258871,0.05263158,0.05651650,0.17833927,0.17842909,0.26308632,0.48621791,0.19874977,0.20330185,0.35145359,0.14853651,0.30826242,0.23810167,0.08601037,0.16419441,0.21121955,0.22436844,0.24012748,0.16783540,0.43063377,0.17997579,0.15774352,0.43455422,0.26600196,0.31976425,0.54996636,0.31752160,0.12007384,0.31955405,0.68966411,0.41533985,0.22124428,0.27180835
0.64448520,1.03518093,0.69282044,0.63776589,0.64572072,0.91062167,1.01045300,0.64906465,0.59444996,0.75906027,0.46281703,0.48183615,0.47323056,0.50680676,0.54583849,0.60966628,0.27669702,0.36187054,0.23411287,0.15874037,0.39832342,0.40445112,0.48374705,0.27962441,0.30119599,0.40136054,0.28258871,0.00000000,0.28744819,0.26723089,0.43934540,0.25441127,0.54291383,0.76775576,0.08383894,0.15128535,0.63227344,0.20661469,0.56966253,0.51748396,0.22092243,0.28523278,0.33883072,0.41719113,0.18779821,0.42650503,0.67672350,0.17245733,0.41368971,0.19969854,0.41537797,0.28185190,0.79799742,0.60011031,0.18242192,0.45783378,0.94074329,0.37945138,0.30059602,0.33954192
0.70138367,0.87014742,0.68421408,0.77842108,0.80126362,0.77947561,0.85108237,0.63167210,0.57898112,0.61109763,0.48224407,0.42197905,0.37498707,0.38559858,0.37147250,0.39128752,0.37224918,0.31763573,0.31893099,0.36564140,0.22633498,0.19125478,0.27354890,0.15963892,0.10618654,0.12991086,0.05263158,0.28744819,0.00000000,0.02059202,0.15327964,0.22633498,0.27843250,0.48336091,0.20560047,0.23490861,0.36308384,0.11727253,0.28491280,0.23221180,0.06802721,0.11449624,0.15881787,0.17592786,0.20931027,0.14092009,0.40064286,0.15518066,0.12873527,0.41831443,0.21407077,0.27806192,0.52152860,0.32185408,0.10792425,0.26766374,0.66304261,0.36945380,0.17192571,0.22124428
0.69714431,0.88301816,0.68459025,0.76881439,0.79074278,0.78954732,0.86348765,0.63236099,0.57912496,0.62181463,0.47880890,0.42384111,0.37936353,0.39217006,0.38271719,0.40676263,0.36176831,0.31608243,0.30776689,0.34900661,0.23467870,0.20358580,0.28713485,0.15792214,0.11079298,0.14897103,0.05651650,0.26723089,0.02059202,0.00000000,0.17276442,0.21961106,0.29759808,0.50395293,0.18576939,0.22009768,0.38283804,0.09930178,0.30414306,0.25280382,0.04743519,0.10806610,0.15793338,0.18593016,0.19179152,0.16020670,0.41830275,0.13598864,0.14776772,0.39841872,0.21874190,0.26506855,0.53940700,0.34218548,0.08733223,0.27218020,0.68121972,0.35919711,0.16486614,0.21580414
0.79490214,0.83539666,0.75035357,0.89907430,0.92606681,0.77174180,0.82105076,0.69703876,0.64919600,0.60243439,0.57615983,0.48768430,0.42752230,0.42213090,0.37202585,0.34774520,0.50204862,0.40923619,0.45253733,0.51519257,0.27010299,0.21358821,0.26494306,0.26902710,0.20451749,0.10823489,0.17833927,0.43934540,0.15327964,0.17276442,0.00000000,0.34757740,0.19463540,0.34345723,0.35851153,0.38128067,0.25759510,0.24875896,0.13176243,0.10275414,0.21842340,0.19619658,0.19240670,0.12444131,0.32911158,0.01323773,0.25239803,0.28994300,0.02647546,0.55133204,0.18971220,0.36187496,0.37167847,0.20298735,0.25732451,0.23099056,0.51187705,0.42657043,0.23668340,0.26432829
0.47899838,0.78079967,0.48130499,0.55441942,0.57953073,0.65786410,0.75604715,0.43140715,0.37635138,0.50465264,0.26326064,0.23801973,0.21984166,0.25239803,0.29794205,0.37637690,0.15515929,0.11606952,0.11042628,0.21584850,0.16620702,0.19814563,0.25776797,0.07948988,0.14319292,0.25628969,0.17842909,0.25441127,0.22633498,0.21961106,0.34757740,0.00000000,0.35675440,0.60432051,0.19571613,0.10497313,0.44327351,0.26405067,0.46981722,0.37913728,0.21106545,0.31807458,0.37428693,0.40194000,0.33059068,0.33907767,0.59752834,0.27056584,0.33088935,0.45082842,0.43834267,0.43243142,0.71334452,0.43061727,0.21198443,0.49173494,0.84895090,0.53741533,0.36872940,0.42132246
0.71059416,0.64302827,0.63284424,0.85486300,0.88908731,0.59038472,0.62998275,0.58135874,0.54229404,0.42434618,0.50694700,0.39056496,0.32335632,0.29996107,0.21950667,0.16106661,0.50122021,0.35995159,0.46554198,0.56658404,0.20393138,0.15881821,0.13411385,0.28618304,0.24379482,0.14862708,0.26308632,0.54291383,0.27843250,0.29759808,0.19463540,0.35675440,0.00000000,0.24894278,0.45954165,0.43489353,0.08972238,0.39545584,0.21064221,0.10832105,0.34237820,0.36880490,0.38053092,0.31893099,0.48658464,0.20266052,0.32654125,0.43352666,0.21121105,0.69526181,0.38428198,0.54112111,0.41567991,0.07962776,0.38054058,0.42350605,0.53204203,0.61592498,0.41880136,0.45372403
0.93525384,0.68635690,0.83645312,1.09472918,1.13082844,0.69298796,0.68459025,0.78877171,0.75822162,0.55396489,0.74407301,0.62023203,0.55381612,0.52182723,0.42721822,0.32681026,0.75016219,0.60629173,0.71381991,0.81014495,0.45224696,0.40728790,0.37365068,0.53091707,0.48104594,0.36836840,0.48621791,0.76775576,0.48336091,0.50395293,0.34345723,0.60432051,0.24894278,0.00000000,0.68413819,0.67598877,0.17187537,0.59050977,0.24262950,0.25114911,0.55138812,0.53878863,0.52477672,0.43541081,0.67256496,0.35654437,0.25421362,0.63154057,0.36964224,0.89443041,0.49189548,0.69754012,0.26523068,0.17399069,0.59128516,0.50794006,0.33113932,0.74532915,0.57355001,0.59021199
0.63314425,0.97010372,0.66277847,0.65470130,0.66822158,0.85221101,0.94646112,0.61571999,0.56041416,0.69551976,0.43475564,0.43257969,0.41458088,0.44431425,0.47411275,0.53177316,0.26316310,0.31037000,0.21134370,0.18700598,0.32306659,0.32423647,0.40542439,0.20440399,0.21913723,0.31752160,0.19874977,0.08383894,0.20560047,0.18576939,0.35851153,0.19571613,0.45954165,0.68413819,0.00000000,0.10814990,0.54876985,0.14109267,0.48966009,0.43416352,0.14092009,0.22035401,0.27806192,0.34739571,0.15889873,0.34587909,0.60036920,0.11774844,0.33329365,0.25963365,0.35451244,0.26371281,0.72176536,0.51627137,0.10497313,0.40131832,0.86422502,0.36848729,0.24780984,0.29383748
0.52668333,0.88503118,0.55500627,0.56207409,0.57972940,0.75933718,0.85995834,0.50844776,0.45321208,0.60863741,0.32663502,0.33167112,0.32211371,0.35653015,0.40187104,0.47530684,0.15958513,0.21084511,0.10544861,0.13564966,0.26236580,0.28185328,0.35254433,0.15039529,0.19513410,0.31105326,0.20330185,0.15128535,0.23490861,0.22009768,0.38128067,0.10497313,0.43489353,0.67598877,0.10814990,0.00000000,0.52406894,0.22158596,0.51156169,0.43575351,0.19012087,0.29302416,0.35258862,0.40371240,0.26325062,0.37031597,0.63305106,0.21237308,0.35950434,0.35011190,0.42542345,0.36850197,0.75293127,0.50259731,0.17113556,0.47638303,0.89293663,0.47401982,0.33307385,0.38333962
0.76611341,0.60936138,0.67409283,0.92287989,0.95896185,0.57952748,0.60029648,0.62476929,0.59119352,0.42267128,0.57230469,0.44925648,0.38252775,0.35193702,0.25958555,0.16818116,0.58386179,0.43589783,0.55078756,0.65495653,0.28457114,0.24527943,0.20235889,0.37473852,0.33351719,0.23469606,0.35145359,0.63227344,0.36308384,0.38283804,0.25759510,0.44327351,0.08972238,0.17187537,0.54876985,0.52406894,0.00000000,0.47905752,0.22620022,0.15610726,0.42864341,0.44542717,0.44964127,0.37696083,0.56880065,0.26817722,0.31585883,0.51811815,0.27898617,0.78124458,0.44160672,0.61620905,0.38248795,0.06056574,0.46742143,0.47422216,0.48244748,0.68416350,0.49184034,0.52189830
0.73850006,0.97755349,0.74457125,0.78352421,0.80024916,0.87842124,0.95718642,0.69391505,0.63922107,0.71251817,0.52651113,0.49193289,0.45584317,0.47441971,0.47538192,0.50522650,0.37980613,0.37512478,0.32466192,0.32702843,0.32335632,0.29928644,0.38386420,0.22566639,0.19757909,0.24711152,0.14853651,0.20661469,0.11727253,0.09930178,0.24875896,0.26405067,0.39545584,0.59050977,0.14109267,0.22158596,0.47905752,0.00000000,0.37328229,0.34109551,0.06420455,0.07962776,0.13700954,0.21058290,0.09254118,0.23552124,0.47281354,0.04118404,0.22228351,0.30463614,0.21342346,0.17560477,0.59364870,0.43524103,0.05272430,0.26066544,0.73643400,0.27715502,0.11150100,0.16211998
0.89377782,0.83529198,0.83198575,1.01376377,1.04309260,0.79691632,0.82555733,0.77936194,0.73592672,0.63323599,0.67923183,0.57713642,0.51220930,0.49715359,0.42668996,0.36925620,0.62497230,0.51638902,0.57766858,0.64613318,0.36430769,0.30634592,0.32838882,0.39033603,0.32743341,0.21503884,0.30826242,0.56966253,0.28491280,0.30414306,0.13176243,0.46981722,0.21064221,0.24262950,0.48966009,0.51156169,0.22620022,0.37328229,0.00000000,0.11017878,0.34903300,0.30979960,0.28672523,0.19442602,0.44567016,0.14399534,0.12990042,0.41409562,0.15639199,0.66960838,0.24927605,0.45864832,0.24360925,0.16647856,0.38725937,0.26743471,0.38158730,0.50272237,0.33691807,0.34903300
0.78581272,0.74926983,0.72183556,0.91228254,0.94318872,0.69862878,0.73701508,0.66924890,0.62613468,0.53211168,0.57314257,0.46798473,0.40260440,0.38698011,0.31790194,0.26933742,0.53294218,0.41315480,0.48920264,0.57136357,0.25798181,0.20094314,0.21824992,0.30056036,0.24229824,0.12505483,0.23810167,0.51748396,0.23221180,0.25280382,0.10275414,0.37913728,0.10832105,0.25114911,0.43416352,0.43575351,0.15610726,0.34109551,0.11017878,0.00000000,0.30023901,0.29656651,0.29510420,0.22099623,0.42632686,0.11432476,0.23691403,0.38183921,0.12622346,0.64570346,0.28588777,0.46433154,0.34176010,0.10023894,0.34013605,0.32070715,0.47199945,0.52865659,0.33922590,0.36669442
0.68962272,0.91374337,0.68780578,0.74837330,0.76806117,0.81425708,0.89321560,0.63648503,0.58223392,0.64831912,0.47421500,0.43185210,0.39338092,0.41085034,0.41138189,0.44399507,0.34114733,0.31759635,0.28606007,0.31248615,0.25915599,0.23640995,0.32127959,0.16404395,0.13343310,0.19407206,0.08601037,0.22092243,0.06802721,0.04743519,0.21842340,0.21106545,0.34237820,0.55138812,0.14092009,0.19012087,0.42864341,0.06420455,0.34903300,0.30023901,0.00000000,0.10774281,0.16590497,0.21478938,0.15435065,0.20560047,0.45991246,0.09405926,0.19283361,0.35289164,0.23607643,0.23923149,0.58127493,0.38912462,0.03989704,0.28796782,0.72358448,0.33916601,0.15789474,0.21052632
0.79699172,0.98119446,0.79088646,0.85419607,0.87270303,0.89351937,0.96285764,0.73895891,0.68530943,0.72479594,0.58072573,0.53135304,0.48742305,0.49961077,0.48498144,0.49769955,0.44766564,0.42119234,0.39242270,0.40520580,0.34080059,0.30438739,0.38470152,0.26403563,0.21864235,0.22752300,0.16419441,0.28523278,0.11449624,0.10806610,0.19619658,0.31807458,0.36880490,0.53878863,0.22035401,0.29302416,0.44542717,0.07962776,0.30979960,0.29656651,0.10774281,0.00000000,0.05959094,0.13344997,0.13587056,0.18347843,0.40001487,0.11383539,0.17083923,0.35980879,0.13457080,0.17245733,0.51986957,0.39545584,0.12261373,0.18373229,0.66240204,0.25660776,0.05743051,0.10774281
0.85320189,1.00838021,0.84232652,0.91352866,0.93223014,0.92824654,0.99143339,0.78996816,0.73692195,0.75860920,0.63582507,0.58069709,0.53345209,0.54235118,0.51925695,0.52089757,0.50673011,0.47399272,0.45153170,0.46386997,0.38180435,0.33963766,0.41533985,0.31585503,0.26498592,0.25056364,0.21121955,0.33883072,0.15881787,0.15793338,0.19240670,0.37428693,0.38053092,0.52477672,0.27806192,0.35258862,0.44964127,0.13700954,0.28672523,0.29510420,0.16590497,0.05959094,0.00000000,0.09468652,0.17206409,0.18147029,0.36181868,0.16640737,0.17085979,0.39131075,0.07677284,0.17276442,0.47907273,0.39533795,0.18215384,0.12424558,0.62053456,0.23545365,0.05092848,0.07323792
0.87343744,0.95955793,0.84547244,0.95423209,0.97659966,0.89255507,0.94488875,0.79228969,0.74159642,0.72277829,0.65355282,0.58107171,0.52637243,0.52756060,0.48816936,0.47140643,0.54756497,0.48669567,0.49368983,0.52679816,0.36846234,0.31724327,0.38099600,0.33158491,0.27073769,0.21451679,0.22436844,0.41719113,0.17592786,0.18593016,0.12444131,0.40194000,0.31893099,0.43541081,0.34739571,0.40371240,0.37696083,0.21058290,0.19442602,0.22099623,0.21478938,0.13344997,0.09468652,0.00000000,0.26380692,0.11791368,0.26849280,0.24711152,0.11257045,0.48530403,0.06538386,0.26452761,0.38725937,0.31920145,0.24360925,0.10910076,0.52951294,0.31221899,0.14561500,0.15483479
0.78992368,1.06748850,0.81043342,0.81208366,0.82401400,0.96465034,1.04658517,0.76138650,0.70615276,0.80025977,0.58597156,0.56624342,0.53597392,0.55788758,0.56486064,0.59757490,0.42136337,0.44588287,0.36842179,0.33712844,0.41161765,0.39074358,0.47556301,0.30662865,0.28688493,0.33873782,0.24012748,0.18779821,0.20931027,0.19179152,0.32911158,0.33059068,0.48658464,0.67256496,0.15889873,0.26325062,0.56880065,0.09254118,0.44567016,0.42632686,0.15435065,0.13587056,0.17206409,0.26380692,0.00000000,0.31605131,0.53229889,0.06316953,0.30300645,0.22393822,0.24362389,0.10526573,0.65063179,0.52284836,0.12809399,0.27883462,0.79240525,0.21080560,0.12455470,0.15435065
0.79003116,0.84171526,0.74796572,0.89155511,0.91810871,0.77578060,0.82697580,0.69463232,0.64626137,0.60622816,0.57090197,0.48470577,0.42542786,0.42139225,0.37409396,0.35349283,0.49315156,0.40364921,0.44315179,0.50385744,0.26743158,0.21175715,0.26680136,0.26099106,0.19636998,0.10593938,0.16783540,0.42650503,0.14092009,0.16020670,0.01323773,0.33907767,0.20266052,0.35654437,0.34587909,0.37031597,0.26817722,0.23552124,0.14399534,0.11432476,0.20560047,0.18347843,0.18147029,0.11791368,0.31605131,0.00000000,0.26285608,0.27670528,0.01323773,0.53815626,0.18270640,0.35001145,0.38266136,0.21441599,0.24438163,0.22586560,0.52327568,0.41623207,0.22490399,0.25383502
1.02259745,0.91610898,0.95668602,1.14350825,1.17256371,0.89532846,0.90987584,0.90446506,0.86241685,0.73746633,0.80881951,0.70485043,0.63923716,0.62188264,0.54599000,0.47645360,0.75260634,0.64628556,0.70418149,0.76593696,0.49368983,0.43588816,0.45266996,0.51819421,0.45451678,0.34435495,0.43063377,0.67672350,0.40064286,0.41830275,0.25239803,0.59752834,0.32654125,0.25421362,0.60036920,0.63305106,0.31585883,0.47281354,0.12990042,0.23691403,0.45991246,0.40001487,0.36181868,0.26849280,0.53229889,0.26285608,0.00000000,0.51181809,0.27355501,0.75311791,0.30207759,0.52252252,0.12139758,0.26419178,0.49572063,0.29667136,0.26403060,0.54293649,0.41227203,0.40889869
0.73688855,1.00509702,0.75159582,0.77049509,0.78509896,0.90150401,0.98398445,0.70195426,0.64685151,0.73728455,0.52923655,0.50460682,0.47315525,0.49474880,0.50242348,0.53799049,0.37194965,0.38500651,0.31763573,0.30438739,0.34890196,0.32983341,0.41480922,0.24354688,0.22475905,0.28491280,0.17997579,0.17245733,0.15518066,0.13598864,0.28994300,0.27056584,0.43352666,0.63154057,0.11774844,0.21237308,0.51811815,0.04118404,0.41409562,0.38183921,0.09405926,0.11383539,0.16640737,0.24711152,0.06316953,0.27670528,0.51181809,0.00000000,0.26346755,0.26416725,0.24304968,0.16187334,0.63232473,0.47530684,0.06495021,0.28688493,0.77503856,0.26711033,0.13098623,0.17609034
0.78535312,0.84819341,0.74580522,0.88417018,0.91027355,0.78002317,0.83306907,0.69247061,0.64358571,0.61028553,0.56590498,0.48207248,0.42373682,0.42106869,0.37661629,0.35963609,0.48445286,0.39842388,0.43396711,0.49261722,0.26539433,0.21074329,0.26929832,0.25339212,0.18879993,0.10527103,0.15774352,0.41368971,0.12873527,0.14776772,0.02647546,0.33088935,0.21121105,0.36964224,0.33329365,0.35950434,0.27898617,0.22228351,0.15639199,0.12622346,0.19283361,0.17083923,0.17085979,0.11257045,0.30300645,0.01323773,0.27355501,0.26346755,0.00000000,0.52498358,0.17641715,0.33824993,0.39378297,0.22604213,0.23147211,0.22141450,0.53475904,0.40606209,0.21329569,0.24360925
0.82829211,1.22942495,0.88823794,0.79019032,0.78956694,1.10858914,1.20549305,0.84601652,0.79185109,0.95429198,0.65880568,0.68141344,0.67062318,0.70241477,0.73338883,0.78610806,0.46952000,0.56095585,0.43152326,0.33307385,0.58122746,0.57636225,0.65997306,0.46331101,0.46876154,0.54691369,0.43455422,0.19969854,0.41831443,0.39841872,0.55133204,0.45082842,0.69526181,0.89443041,0.25963365,0.35011190,0.78124458,0.30463614,0.66960838,0.64570346,0.35289164,0.35980879,0.39131075,0.48530403,0.22393822,0.53815626,0.75311791,0.26416725,0.52498358,0.00000000,0.45596452,0.24677889,0.86957558,0.73943020,0.31503573,0.48044644,1.01004921,0.29954791,0.34091386,0.35289164
0.91532639,1.02438292,0.89548460,0.98420299,1.00413721,0.95526163,1.00944755,0.84256885,0.79075771,0.78535312,0.69631175,0.63167210,0.57978058,0.58378688,0.54918490,0.53597392,0.57675983,0.53135304,0.52184900,0.53977553,0.42337768,0.37485074,0.44243206,0.37365600,0.31676341,0.27504281,0.26600196,0.41537797,0.21407077,0.21874190,0.18971220,0.43834267,0.38428198,0.49189548,0.35451244,0.42542345,0.44160672,0.21342346,0.24927605,0.28588777,0.23607643,0.13457080,0.07677284,0.06538386,0.24362389,0.18270640,0.30207759,0.24304968,0.17641715,0.45596452,0.00000000,0.22044493,0.41482510,0.38332912,0.25660776,0.05359420,0.55430427,0.25345000,0.11908330,0.10682111
0.89515613,1.14798710,0.91343173,0.91459600,0.92516901,1.05292520,1.12855526,0.86382695,0.80872357,0.88610576,0.69026100,0.66544948,0.63122165,0.64998147,0.64756846,0.66815491,0.52654233,0.54658107,0.47368649,0.43708676,0.49737339,0.46860209,0.55158504,0.40091789,0.37147250,0.39938200,0.31976425,0.28185190,0.27806192,0.26506855,0.36187496,0.43243142,0.54112111,0.69754012,0.26371281,0.36850197,0.61620905,0.17560477,0.45864832,0.46433154,0.23923149,0.17245733,0.17276442,0.26452761,0.10526573,0.35001145,0.52252252,0.16187334,0.33824993,0.24677889,0.22044493,0.00000000,0.63410565,0.56429195,0.22306270,0.23648817,0.77187386,0.10574776,0.12522163,0.11362383
1.12381264,0.95138522,1.04798137,1.25392477,1.28438241,0.95048052,0.94901576,0.99681647,0.95788816,0.80174410,0.91395797,0.80405128,0.73729013,0.71560923,0.63247356,0.55029992,0.86847980,0.75490759,0.82126210,0.88640016,0.59932083,0.54266343,0.54802670,0.63385493,0.57103943,0.45783378,0.54996636,0.79799742,0.52152860,0.53940700,0.37167847,0.71334452,0.41567991,0.26523068,0.72176536,0.75293127,0.38248795,0.59364870,0.24360925,0.34176010,0.58127493,0.51986957,0.47907273,0.38725937,0.65063179,0.38266136,0.12139758,0.63232473,0.39378297,0.86957558,0.41482510,0.63410565,0.00000000,0.34255543,0.61711352,0.40136054,0.14279816,0.64418346,0.52887503,0.52095926
0.78833137,0.66882430,0.70591481,0.93447330,0.96870890,0.63404728,0.65914802,0.65515571,0.61792969,0.47373573,0.58628706,0.46860209,0.40131832,0.37579563,0.29001906,0.21237308,0.57799860,0.43927028,0.54039652,0.63637290,0.28263508,0.23454505,0.21292936,0.35693007,0.30807749,0.19874977,0.31752160,0.60011031,0.32185408,0.34218548,0.20298735,0.43061727,0.07962776,0.17399069,0.51627137,0.50259731,0.06056574,0.43524103,0.16647856,0.10023894,0.38912462,0.39545584,0.39533795,0.31920145,0.52284836,0.21441599,0.26419178,0.47530684,0.22604213,0.73943020,0.38332912,0.56429195,0.34255543,0.00000000,0.42868900,0.41458088,0.45411342,0.62857384,0.43928262,0.46679756
0.68577744,0.94066151,0.69301716,0.73311824,0.75077607,0.83655889,0.91937074,0.64264976,0.58780735,0.67239607,0.47400613,0.44243206,0.40907624,0.42999898,0.43802357,0.47671581,0.32813781,0.32428172,0.27289741,0.28427616,0.28427616,0.26743471,0.35238858,0.17903214,0.16105685,0.23272558,0.12007384,0.18242192,0.10792425,0.08733223,0.25732451,0.21198443,0.38054058,0.59128516,0.10497313,0.17113556,0.46742143,0.05272430,0.38725937,0.34013605,0.03989704,0.12261373,0.18215384,0.24360925,0.12809399,0.24438163,0.49572063,0.06495021,0.23147211,0.31503573,0.25660776,0.22306270,0.61711352,0.42868900,0.00000000,0.30634592,0.75968106,0.32672918,0.16285737,0.21427343
0.96890756,1.06598666,0.94851874,1.03634101,1.05572941,1.00140526,1.05194457,0.89554590,0.84390971,0.83169611,0.74990571,0.68453149,0.63192664,0.63490487,0.59724892,0.57873137,0.62904419,0.58488140,0.57401116,0.58769206,0.47491704,0.42516875,0.49009378,0.42723862,0.37007348,0.32342576,0.31955405,0.45783378,0.26766374,0.27218020,0.23099056,0.49173494,0.42350605,0.50794006,0.40131832,0.47638303,0.47422216,0.26066544,0.26743471,0.32070715,0.28796782,0.18373229,0.12424558,0.10910076,0.27883462,0.22586560,0.29667136,0.28688493,0.22141450,0.48044644,0.05359420,0.23648817,0.40136054,0.41458088,0.30634592,0.00000000,0.53669247,0.24635699,0.15733315,0.12823210
1.24240248,1.00103063,1.15643192,1.38222100,1.41421356,1.02172944,1.00294880,1.10674232,1.07134709,0.88509025,1.03770406,0.92251490,0.85525590,0.82963627,0.74091899,0.64906465,1.00372224,0.88308492,0.95793618,1.02706772,0.72589007,0.67088353,0.66614990,0.76959337,0.70787714,0.59266569,0.68966411,0.94074329,0.66304261,0.68121972,0.51187705,0.84895090,0.53204203,0.33113932,0.86422502,0.89293663,0.48244748,0.73643400,0.38158730,0.47199945,0.72358448,0.66240204,0.62053456,0.52951294,0.79240525,0.52327568,0.26403060,0.77503856,0.53475904,1.01004921,0.55430427,0.77187386,0.14279816,0.45411342,0.75968106,0.53669247,0.00000000,0.77477477,0.66991213,0.65949363
1.00070314,1.23772733,1.01863838,1.01597265,1.02504946,1.14866249,1.21946533,0.96879206,0.91376624,0.98053290,0.79594691,0.76890087,0.73252561,0.74934478,0.74091899,0.75290556,0.63160145,0.65093696,0.57906323,0.53711987,0.59376764,0.56052591,0.64130923,0.50267075,0.46862860,0.48183615,0.41533985,0.37945138,0.36945380,0.35919711,0.42657043,0.53741533,0.61592498,0.74532915,0.36848729,0.47401982,0.68416350,0.27715502,0.50272237,0.52865659,0.33916601,0.25660776,0.23545365,0.31221899,0.21080560,0.41623207,0.54293649,0.26711033,0.40606209,0.29954791,0.25345000,0.10574776,0.64418346,0.62857384,0.32672918,0.24635699,0.77477477,0.00000000,0.20060244,0.16245284
0.84650855,1.03726765,0.84502900,0.89501946,0.91154550,0.95079536,1.01923076,0.79340402,0.73942719,0.78195486,0.63197713,0.58684834,0.54407976,0.55684131,0.54211511,0.55241729,0.49095340,0.47489071,0.43573341,0.43481069,0.39821422,0.36149953,0.44117266,0.31890855,0.27563769,0.28145197,0.22124428,0.30059602,0.17192571,0.16486614,0.23668340,0.36872940,0.41880136,0.57355001,0.24780984,0.33307385,0.49184034,0.11150100,0.33691807,0.33922590,0.15789474,0.05743051,0.05092848,0.14561500,0.12455470,0.22490399,0.41227203,0.13098623,0.21329569,0.34091386,0.11908330,0.12522163,0.52887503,0.43928262,0.16285737,0.15733315,0.66991213,0.20060244,0.00000000,0.05263158
0.89888235,1.08043367,0.89748914,0.94470767,0.96037906,0.99770966,1.06312938,0.84579105,0.79188697,0.82839945,0.68457810,0.63882931,0.59514245,0.60683110,0.58865981,0.59351182,0.54191034,0.52740190,0.48678026,0.48022035,0.44735424,0.40828053,0.48598824,0.37109802,0.32626224,0.32271653,0.27180835,0.33954192,0.22124428,0.21580414,0.26432829,0.42132246,0.45372403,0.59021199,0.29383748,0.38333962,0.52189830,0.16211998,0.34903300,0.36669442,0.21052632,0.10774281,0.07323792,0.15483479,0.15435065,0.25383502,0.40889869,0.17609034,0.24360925,0.35289164,0.10682111,0.11362383,0.52095926,0.46679756,0.21427343,0.12823210,0.65949363,0.16245284,0.05263158,0.00000000
