0.00000000,0.12778761,0.44300885,0.86690265,0.90725664,0.34283186,0.18831858,0.61923191,0.30726566,0.41460561,0.63736596,0.62484402,0.71382741,0.88043616,0.63797035,0.75751936,0.70760093,0.81323826,0.48890973,0.88202699,0.73318472,0.55366382,0.65914322,0.71701921,0.67638324,0.72867464,0.74551464,0.79167565,0.83803959,0.81608139,1.09828171,0.72522812,0.92013109,0.67194300,0.72432376,1.05822011,0.84879339,0.77423327,0.68505390,0.75059165,0.76841283,1.15549992,1.05906227,1.05645530,0.96641014,1.08765093,1.19159303,0.79047055,1.22969410,0.87500980,1.32465842,0.87026849,0.79236349,1.10176483,0.64710164,1.16664675,0.73762530,1.20748397,1.24920399,1.06776803
0.12778761,0.00000000,0.31522124,0.73911504,0.77946903,0.21504425,0.06053097,0.49202661,0.19226102,0.30041545,0.51847160,0.51177993,0.60188526,0.76624265,0.54848945,0.66263251,0.61861307,0.70701422,0.47373196,0.78320388,0.65071734,0.52815769,0.59108679,0.64987355,0.62003265,0.65894614,0.68621194,0.72186039,0.73617516,0.74177734,1.00149082,0.67170165,0.84008070,0.63969765,0.69298238,0.94948820,0.78000272,0.74499451,0.69061095,0.73699930,0.71930833,1.04686891,0.97135187,0.96265297,0.88908073,1.00404570,1.09402359,0.75367705,1.13993628,0.84924779,1.23345048,0.82468578,0.79176383,1.01038107,0.63171474,1.08906021,0.74278915,1.13269813,1.17707184,1.01517017
0.44300885,0.31522124,0.00000000,0.42389381,0.46424779,0.10017699,0.25469027,0.18176888,0.18681547,0.16878506,0.26357207,0.29078846,0.37228788,0.51276129,0.42261305,0.49630904,0.48084151,0.49108505,0.57273601,0.58916560,0.53061813,0.59205648,0.52833915,0.57929272,0.58641296,0.57894761,0.63331811,0.63251162,0.53482600,0.63587671,0.80080485,0.63748148,0.70555025,0.66673010,0.71435015,0.70899601,0.68677477,0.76491070,0.79714915,0.79557293,0.69053903,0.80337986,0.80241449,0.77404755,0.75905856,0.84638921,0.88680917,0.75334386,0.95626277,0.86677180,1.04187433,0.79320181,0.87418106,0.82727998,0.70012200,0.94550744,0.84275679,0.99545830,1.04567218,0.94866373
0.86690265,0.73911504,0.42389381,0.00000000,0.04035398,0.52407080,0.67858407,0.25539351,0.58773325,0.50866640,0.33868951,0.39919707,0.38875123,0.37450972,0.57230002,0.54810219,0.58379855,0.45450830,0.88354688,0.54984171,0.63566671,0.87183417,0.70568513,0.72953531,0.77630081,0.71785545,0.78774442,0.74205595,0.50517659,0.72211766,0.68425484,0.81206126,0.72903195,0.89739981,0.92953813,0.52879550,0.77529252,0.96893415,1.07791482,1.03293685,0.85767531,0.59404963,0.74445524,0.68700907,0.77543757,0.79835637,0.74011792,0.93816738,0.84261149,1.05120805,0.90146245,0.93486746,1.12344847,0.73839010,0.96228565,0.90251447,1.11206682,0.95471738,1.00696492,1.01864350
0.90725664,0.77946903,0.46424779,0.04035398,0.00000000,0.56442478,0.71893805,0.29499854,0.62747636,0.54717042,0.37114908,0.43036429,0.41358739,0.38381521,0.60036574,0.56947332,0.60826794,0.47118939,0.91786645,0.56284652,0.65914322,0.90433338,0.73318472,0.75476882,0.80374808,0.74242801,0.81250646,0.76401300,0.52057867,0.74252091,0.68590208,0.83801474,0.74392790,0.92650309,0.95731464,0.52642651,0.79506805,0.99561216,1.10939268,1.06160773,0.88259558,0.58632874,0.75127412,0.69181610,0.78894255,0.80534856,0.73742060,0.96366707,0.84217908,1.07584783,0.89743650,0.95708763,1.15250776,0.74209516,0.99308485,0.90868197,1.14260420,0.96054976,1.01249637,1.03415422
0.34283186,0.21504425,0.10017699,0.52407080,0.56442478,0.00000000,0.15451327,0.27916554,0.11837889,0.16301383,0.33358450,0.34551485,0.43374776,0.58686732,0.44261349,0.53482600,0.50774425,0.54939794,0.52302832,0.64046937,0.55236005,0.55338976,0.52907693,0.58447276,0.57898852,0.58746011,0.63382184,0.64574437,0.58806964,0.65510443,0.85714198,0.63172597,0.73643738,0.64168775,0.69224052,0.77967159,0.70254851,0.74430450,0.75068775,0.76345630,0.68424534,0.87581392,0.84708720,0.82565279,0.78913246,0.88743714,0.94621925,0.73901560,1.00759802,0.84864254,1.09657994,0.78981930,0.83607143,0.87737219,0.66307957,0.98247682,0.79895202,1.03063748,1.07921577,0.95912843
0.18831858,0.06053097,0.25469027,0.67858407,0.71893805,0.15451327,0.00000000,0.43189148,0.14543471,0.25094423,0.46380708,0.46091647,0.55127036,0.71376138,0.51181136,0.62181206,0.58153114,0.65937410,0.47843514,0.73949738,0.61706735,0.52657312,0.56610840,0.62470759,0.60102842,0.63227921,0.66488169,0.69457060,0.69093750,0.71189979,0.95818158,0.65357751,0.80646756,0.63291236,0.68599015,0.89973372,0.75281401,0.73849491,0.70140126,0.73823388,0.70299299,0.99699888,0.93304121,0.92107841,0.85667821,0.96781739,1.05007244,0.74331421,1.10004753,0.84355184,1.19259351,0.80926424,0.79864830,0.96996931,0.63335765,1.05572279,0.75283197,1.10068320,1.14629690,0.99502444
0.61923191,0.49202661,0.18176888,0.25539351,0.29499854,0.27916554,0.43189148,0.00000000,0.33251041,0.25624700,0.15864379,0.21644387,0.26417733,0.36480925,0.39331300,0.42184483,0.43084338,0.37674577,0.65056214,0.48230771,0.48551967,0.65001530,0.52235490,0.56092552,0.59028334,0.55449364,0.61965331,0.59555106,0.42756427,0.58755041,0.67639925,0.63486726,0.63158143,0.69672236,0.73671868,0.56126200,0.64190796,0.78230844,0.85952969,0.83234804,0.68579740,0.65092556,0.69914131,0.65895573,0.68426109,0.74842283,0.75511887,0.75998049,0.83736128,0.87586023,0.91575863,0.77835413,0.91910568,0.71344104,0.74957132,0.85233871,0.89891232,0.90437493,0.95647630,0.90334686
0.30726566,0.19226102,0.18681547,0.58773325,0.62747636,0.11837889,0.14543471,0.33251041,0.00000000,0.10833434,0.33015069,0.31975658,0.40972758,0.57475729,0.36886146,0.47668327,0.43806264,0.51520562,0.40475597,0.59408984,0.47588571,0.43695637,0.43471821,0.49236467,0.47760370,0.49802892,0.53716878,0.55911148,0.54577011,0.57363481,0.81276360,0.53066324,0.66469097,0.52964503,0.58118702,0.75723522,0.61710381,0.63363259,0.63249284,0.64815884,0.58215858,0.85461304,0.78848550,0.77571153,0.71569306,0.82416978,0.90472137,0.63158381,0.95494078,0.73860313,1.04728580,0.68858821,0.71903576,0.82477948,0.54667128,0.91371150,0.68099860,0.95955264,1.00605865,0.86643751
0.41460561,0.30041545,0.16878506,0.50866640,0.54717042,0.16301383,0.25094423,0.25624700,0.10833434,0.00000000,0.22448709,0.21142909,0.30147016,0.46649011,0.28009729,0.37801942,0.34637051,0.40845955,0.41051766,0.49090275,0.38972209,0.42481548,0.36866653,0.42291503,0.42239340,0.42518220,0.47385559,0.48291760,0.44109544,0.49212396,0.70947056,0.47444756,0.57512314,0.49808361,0.54610093,0.64932869,0.53958741,0.59699077,0.63172388,0.62685731,0.52738902,0.74667712,0.69106397,0.67435073,0.62746981,0.72935280,0.80068516,0.58704489,0.85501450,0.69954411,0.94610822,0.63181224,0.70611007,0.72461027,0.53213932,0.82242780,0.67620027,0.86989649,0.91792836,0.79699066
0.63736596,0.51847160,0.26357207,0.33868951,0.37114908,0.33358450,0.46380708,0.15864379,0.33015069,0.22448709,0.00000000,0.06313326,0.11211183,0.25328991,0.24347245,0.26336500,0.27389290,0.23062372,0.54787051,0.33316708,0.32868130,0.53328674,0.37637393,0.40942196,0.44628100,0.40131243,0.46851906,0.43900209,0.27803662,0.42950292,0.53916081,0.48721184,0.47388022,0.56198521,0.59732356,0.44706827,0.48397897,0.63986484,0.73929598,0.69807425,0.53647869,0.54264378,0.54984171,0.51549314,0.52684988,0.59720731,0.62381439,0.61358321,0.69687161,0.72891060,0.78034289,0.62497391,0.78760215,0.56949467,0.62412911,0.69984032,0.77407372,0.75137787,0.80305736,0.74486447
0.62484402,0.51177993,0.29078846,0.39919707,0.43036429,0.34551485,0.46091647,0.21644387,0.31975658,0.21142909,0.06313326,0.00000000,0.09036139,0.25560169,0.18048653,0.21193843,0.21449339,0.20390831,0.49288688,0.29858089,0.26910941,0.47452316,0.31324431,0.34695463,0.38315552,0.33935307,0.40601118,0.37910810,0.24463632,0.37178654,0.51261766,0.42420001,0.42383622,0.49953559,0.53436297,0.43895677,0.42595290,0.57674535,0.67904404,0.63554124,0.47367761,0.53614330,0.51186508,0.48377566,0.47729323,0.55670463,0.60089961,0.55052190,0.66608677,0.66591180,0.75303688,0.56322374,0.72534415,0.53672817,0.56309358,0.65726451,0.71287602,0.70798921,0.75897363,0.68821773
0.71382741,0.60188526,0.37228788,0.38875123,0.41358739,0.43374776,0.55127036,0.26417733,0.40972758,0.30147016,0.11211183,0.09036139,0.00000000,0.16792991,0.19226102,0.16533103,0.19504881,0.11903335,0.54259670,0.22111654,0.24729006,0.51346239,0.32178688,0.34119508,0.39192973,0.32914589,0.39911595,0.35529876,0.16597324,0.33903006,0.42856498,0.42452117,0.36926530,0.51814740,0.54563954,0.34862080,0.39337500,0.58247211,0.70937020,0.65150708,0.46913847,0.44578546,0.43796465,0.40359152,0.42131503,0.48583236,0.51484856,0.55008071,0.58524189,0.66256830,0.66970489,0.54721388,0.74310765,0.45749770,0.59077536,0.58902576,0.73807677,0.64083013,0.69275922,0.64859915
0.88043616,0.76624265,0.51276129,0.37450972,0.38381521,0.58686732,0.71376138,0.36480925,0.57475729,0.46649011,0.25328991,0.25560169,0.16792991,0.00000000,0.32464867,0.23356099,0.29350747,0.11646461,0.68669984,0.18267106,0.32949876,0.64733919,0.43267107,0.43148220,0.49673101,0.41459668,0.48176391,0.41608886,0.15104055,0.38632362,0.32134025,0.51542775,0.36569863,0.62805637,0.64459857,0.19736004,0.43374776,0.67195118,0.82822939,0.75293190,0.54967568,0.29062527,0.37047300,0.31583411,0.40758706,0.42419102,0.39300405,0.63195438,0.48340593,0.73495650,0.55533491,0.60428915,0.84448869,0.36893511,0.70937875,0.52877841,0.84969112,0.58118702,0.63363259,0.65534568
0.63797035,0.54848945,0.42261305,0.57230002,0.60036574,0.44261349,0.51181136,0.39331300,0.36886146,0.28009729,0.24347245,0.18048653,0.19226102,0.32464867,0.00000000,0.12362195,0.07014568,0.21646018,0.36207579,0.25157615,0.10977560,0.32495502,0.13372708,0.16762621,0.20424470,0.16212967,0.22636522,0.21053532,0.21846989,0.21384396,0.46207964,0.24373961,0.29619052,0.32676764,0.35723832,0.45121126,0.26416185,0.39760550,0.51725510,0.46131266,0.29332103,0.54412088,0.42298690,0.41869910,0.34791401,0.45608569,0.55563090,0.37014805,0.59246887,0.48544048,0.68695342,0.38538952,0.55246327,0.46389942,0.39854822,0.54492440,0.54591552,0.59124799,0.63854986,0.52648316
0.75751936,0.66263251,0.49630904,0.54810219,0.56947332,0.53482600,0.62181206,0.42184483,0.47668327,0.37801942,0.26336500,0.21193843,0.16533103,0.23356099,0.12362195,0.00000000,0.06548673,0.11709660,0.47008850,0.12796215,0.09635278,0.42258241,0.20133721,0.19837320,0.26336663,0.18216439,0.25094423,0.19463401,0.10017699,0.17451828,0.34077318,0.28286086,0.21189793,0.39472550,0.41139904,0.33111241,0.22850727,0.44065851,0.59561537,0.51969507,0.32031700,0.42218277,0.31305244,0.30005673,0.26536566,0.35266019,0.43415538,0.40280279,0.47825943,0.51055060,0.57098321,0.38772166,0.61140571,0.34816654,0.47714752,0.44955371,0.61618862,0.49918929,0.54938286,0.48383422
0.70760093,0.61861307,0.48084151,0.58379855,0.60826794,0.50774425,0.58153114,0.43084338,0.43806264,0.34637051,0.27389290,0.21449339,0.19504881,0.29350747,0.07014568,0.06548673,0.00000000,0.17804544,0.40460177,0.18957636,0.05478840,0.35769859,0.13918438,0.14703181,0.20501565,0.13416489,0.20424470,0.16512248,0.16566372,0.15814254,0.39434898,0.23143160,0.22878348,0.33572976,0.35671409,0.39590341,0.21181868,0.39009703,0.53485694,0.46441019,0.27435819,0.48587575,0.35284257,0.34975044,0.28139191,0.38628927,0.48785839,0.35580541,0.52245737,0.46760847,0.61710780,0.35377021,0.55635926,0.39416463,0.41591519,0.47646434,0.55767615,0.52355485,0.57161286,0.47483909
0.81323826,0.70701422,0.49108505,0.45450830,0.47118939,0.54939794,0.65937410,0.37674577,0.51520562,0.40845955,0.23062372,0.20390831,0.11903335,0.11646461,0.21646018,0.11709660,0.17804544,0.00000000,0.57709530,0.10594897,0.21311976,0.53436416,0.31692947,0.31515027,0.38034063,0.29846045,0.36620905,0.30335290,0.05281725,0.27629722,0.30974101,0.39929991,0.27520413,0.51168728,0.52826576,0.24596344,0.32661215,0.55635926,0.71217378,0.63659109,0.43471867,0.34277903,0.32240075,0.28491664,0.32355082,0.37212729,0.39706840,0.51716569,0.46629072,0.62217197,0.55079266,0.49430985,0.72821421,0.33903006,0.59346356,0.47663119,0.73325467,0.52896963,0.58136101,0.56417444
0.48890973,0.47373196,0.57273601,0.88354688,0.91786645,0.52302832,0.47843514,0.65056214,0.40475597,0.41051766,0.54787051,0.49288688,0.54259670,0.68669984,0.36207579,0.47008850,0.40460177,0.57709530,0.00000000,0.58908156,0.39292147,0.07314618,0.28073006,0.31976908,0.25173692,0.33821374,0.31714364,0.38970304,0.57026549,0.42608750,0.76749183,0.28344854,0.53713568,0.19147758,0.24067729,0.79872710,0.43550483,0.28784771,0.22782492,0.26407148,0.31082547,0.88521886,0.69166401,0.71556416,0.56878635,0.70210532,0.85681174,0.31067813,0.85815363,0.38644314,0.95372804,0.39976625,0.32028118,0.74600952,0.15913422,0.75576478,0.27719117,0.78630263,0.81908693,0.60199026
0.88202699,0.78320388,0.58916560,0.54984171,0.56284652,0.64046937,0.73949738,0.48230771,0.59408984,0.49090275,0.33316708,0.29858089,0.22111654,0.18267106,0.25157615,0.12796215,0.18957636,0.10594897,0.58908156,0.00000000,0.19734513,0.53592920,0.31097345,0.28960149,0.36190068,0.27047983,0.32897665,0.25334575,0.05514545,0.21806236,0.21870240,0.36675782,0.18302809,0.48985066,0.49589711,0.21026549,0.25914386,0.51507720,0.69205805,0.60274072,0.39132182,0.29691440,0.21707578,0.18539794,0.22610601,0.26623396,0.31082547,0.47123446,0.36767769,0.56630927,0.45619004,0.43120506,0.69215508,0.23814938,0.57659254,0.37068268,0.70592841,0.42303298,0.47544538,0.47286943
0.73318472,0.65071734,0.53061813,0.63566671,0.65914322,0.55236005,0.61706735,0.48551967,0.47588571,0.38972209,0.32868130,0.26910941,0.24729006,0.32949876,0.10977560,0.09635278,0.05478840,0.21311976,0.39292147,0.19734513,0.00000000,0.33858407,0.11362832,0.10205255,0.16910687,0.08596086,0.15541273,0.11034386,0.18838644,0.10545582,0.38275750,0.18652314,0.18949759,0.30012689,0.31515027,0.40761062,0.15810450,0.34454357,0.50194128,0.42347231,0.22529491,0.49237856,0.32703844,0.33416884,0.23982455,0.35461662,0.47519723,0.30758478,0.49845711,0.41726722,0.59433712,0.30009915,0.51512341,0.37363094,0.38425655,0.43873414,0.52089887,0.48377566,0.53021723,0.42143193
0.55366382,0.52815769,0.59205648,0.87183417,0.90433338,0.55338976,0.52657312,0.65001530,0.43695637,0.42481548,0.53328674,0.47452316,0.51346239,0.64733919,0.32495502,0.42258241,0.35769859,0.53436416,0.07314618,0.53592920,0.33858407,0.00000000,0.22495575,0.25660598,0.18549931,0.27569001,0.24772445,0.32311371,0.52212848,0.36065885,0.70516128,0.21250446,0.47063930,0.11995469,0.17107234,0.74619469,0.36622804,0.22058180,0.20962006,0.21249383,0.23784587,0.82981238,0.62535201,0.65248984,0.49993943,0.63352536,0.79305561,0.23957069,0.79009990,0.32258021,0.88526145,0.32713708,0.28305420,0.68063388,0.10972551,0.68443308,0.25165681,0.71414277,0.74638549,0.52928151
0.65914322,0.59108679,0.52833915,0.70568513,0.73318472,0.52907693,0.56610840,0.52235490,0.43471821,0.36866653,0.37637393,0.31324431,0.32178688,0.43267107,0.13372708,0.20133721,0.13918438,0.31692947,0.28073006,0.31097345,0.11362832,0.22495575,0.00000000,0.05878984,0.07061569,0.06967968,0.10526554,0.13253517,0.29917913,0.15962560,0.48852109,0.11273321,0.26950399,0.19777349,0.22416143,0.52123894,0.18988996,0.26389188,0.39569901,0.32975516,0.16476420,0.60547770,0.42040460,0.43761891,0.31069528,0.43895677,0.57925742,0.23781925,0.59077536,0.35361079,0.68712013,0.26493325,0.42145824,0.47186796,0.27673108,0.50944912,0.41948574,0.54871637,0.59006870,0.43180297
0.71701921,0.64987355,0.57929272,0.72953531,0.75476882,0.58447276,0.62470759,0.56092552,0.49236467,0.42291503,0.40942196,0.34695463,0.34119508,0.43148220,0.16762621,0.19837320,0.14703181,0.31515027,0.31976908,0.28960149,0.10205255,0.25660598,0.05878984,0.00000000,0.07327434,0.01946903,0.05910868,0.07564731,0.28822768,0.10756170,0.44863008,0.08484579,0.21914820,0.20065395,0.21311976,0.49783420,0.13178604,0.24345522,0.40301611,0.32145100,0.12825545,0.57699115,0.37278873,0.39618653,0.25662501,0.38734046,0.53718062,0.20892310,0.54136233,0.32185676,0.63751338,0.21805774,0.41307291,0.42641631,0.28699124,0.45362964,0.41984807,0.49172241,0.53229895,0.37492975
0.67638324,0.62003265,0.58641296,0.77630081,0.80374808,0.57898852,0.60102842,0.59028334,0.47760370,0.42239340,0.44628100,0.38315552,0.39192973,0.49673101,0.20424470,0.26336663,0.20501565,0.38034063,0.25173692,0.36190068,0.16910687,0.18549931,0.07061569,0.07327434,0.00000000,0.09274336,0.07014568,0.13803823,0.35744378,0.17517332,0.52014311,0.05305957,0.28559330,0.13135891,0.15372789,0.57075047,0.18535596,0.19360444,0.33283598,0.26012737,0.10526316,0.65026549,0.44026120,0.46723303,0.31760424,0.45061018,0.60759999,0.17020005,0.60644381,0.28601400,0.70210532,0.21116881,0.35201594,0.49522604,0.21537925,0.50879717,0.35303004,0.54303374,0.58003180,0.39513923
0.72867464,0.65894614,0.57894761,0.71785545,0.74242801,0.58746011,0.63227921,0.55449364,0.49802892,0.42518220,0.40131243,0.33935307,0.32914589,0.41459668,0.16212967,0.18216439,0.13416489,0.29846045,0.33821374,0.27047983,0.08596086,0.27569001,0.06967968,0.01946903,0.09274336,0.00000000,0.07014568,0.06313326,0.27019703,0.09108219,0.42972882,0.10084209,0.20228841,0.21950071,0.23024916,0.47847871,0.12107487,0.25858285,0.42183998,0.33854460,0.14029135,0.55752212,0.35524799,0.37745270,0.24157449,0.37114908,0.51860318,0.22216026,0.52443372,0.33344628,0.62067564,0.22392064,0.42993812,0.40839479,0.30615090,0.43986155,0.43794906,0.47905037,0.52061551,0.37181034
0.74551464,0.68621194,0.63331811,0.78774442,0.81250646,0.63382184,0.66488169,0.61965331,0.53716878,0.47385559,0.46851906,0.40601118,0.39911595,0.48176391,0.22636522,0.25094423,0.20424470,0.36620905,0.31714364,0.32897665,0.15541273,0.24772445,0.10526554,0.05910868,0.07014568,0.07014568,0.00000000,0.08123894,0.33479296,0.12070796,0.46599064,0.03964602,0.22534748,0.16672566,0.16692180,0.53245554,0.11852171,0.19019236,0.36592868,0.27411421,0.07014568,0.60618298,0.37949280,0.41222329,0.25221934,0.38582337,0.55051136,0.15218696,0.54251390,0.26346562,0.63755299,0.16070297,0.36447235,0.43590919,0.25522124,0.43994900,0.37711278,0.47331389,0.50993835,0.33019321
0.79167565,0.72186039,0.63251162,0.74205595,0.76401300,0.64574437,0.69457060,0.59555106,0.55911148,0.48291760,0.43900209,0.37910810,0.35529876,0.41608886,0.21053532,0.19463401,0.16512248,0.30335290,0.38970304,0.25334575,0.11034386,0.32311371,0.13253517,0.07564731,0.13803823,0.06313326,0.08123894,0.00000000,0.26593077,0.03946903,0.38538078,0.12088496,0.14758016,0.24796460,0.24535749,0.45310467,0.05824837,0.26174519,0.44647585,0.35051545,0.13803823,0.52529819,0.30228269,0.33181139,0.18158705,0.31346686,0.47102755,0.21821738,0.46870263,0.31898518,0.56455415,0.19309368,0.43910491,0.35761293,0.33646018,0.37798235,0.45568732,0.41634309,0.45755071,0.31615610
0.83803959,0.73617516,0.53482600,0.50517659,0.52057867,0.58806964,0.69093750,0.42756427,0.54577011,0.44109544,0.27803662,0.24463632,0.16597324,0.15104055,0.21846989,0.10017699,0.16566372,0.05281725,0.57026549,0.05514545,0.18838644,0.52212848,0.29917913,0.28822768,0.35744378,0.27019703,0.33479296,0.26593077,0.00000000,0.23534152,0.26920998,0.37022537,0.22386041,0.48818612,0.50009997,0.23275440,0.28293527,0.52443372,0.69023471,0.60819844,0.40125684,0.32612741,0.27215021,0.23923362,0.27131239,0.32085953,0.35964168,0.48309897,0.42150731,0.58439090,0.50871209,0.45324860,0.69910347,0.29254359,0.57264096,0.42493974,0.70806405,0.47714274,0.52943061,0.51369513
0.81608139,0.74177734,0.63587671,0.72211766,0.74252091,0.65510443,0.71189979,0.58755041,0.57363481,0.49212396,0.42950292,0.37178654,0.33903006,0.38632362,0.21384396,0.17451828,0.15814254,0.27629722,0.42608750,0.21806236,0.10545582,0.36065885,0.15962560,0.10756170,0.17517332,0.09108219,0.12070796,0.03946903,0.23534152,0.00000000,0.34632352,0.16035398,0.11159765,0.28743363,0.28403396,0.41481685,0.05459595,0.29830444,0.48569197,0.38834359,0.17517332,0.48604387,0.26563983,0.29290896,0.15116753,0.28007701,0.43264664,0.25350675,0.43380154,0.34960912,0.52995479,0.21821314,0.47614553,0.32010335,0.37592920,0.35072838,0.49417298,0.39176691,0.43530724,0.31671903
1.09828171,1.00149082,0.80080485,0.68425484,0.68590208,0.85714198,0.95818158,0.67639925,0.81276360,0.70947056,0.53916081,0.51261766,0.42856498,0.32134025,0.46207964,0.34077318,0.39434898,0.30974101,0.76749183,0.21870240,0.38275750,0.70516128,0.48852109,0.44863008,0.52014311,0.42972882,0.46599064,0.38538078,0.26920998,0.34632352,0.00000000,0.50540281,0.24389381,0.63193009,0.62141593,0.16853617,0.35681416,0.62364079,0.82513274,0.71803772,0.50938053,0.17586615,0.11159765,0.05415929,0.23965602,0.15295568,0.09355401,0.57533279,0.16216995,0.64116184,0.24119372,0.50403453,0.79847328,0.06610660,0.72015592,0.23773698,0.82680961,0.28539380,0.33454526,0.45123166
0.72522812,0.67170165,0.63748148,0.81206126,0.83801474,0.63172597,0.65357751,0.63486726,0.53066324,0.47444756,0.48721184,0.42420001,0.42452117,0.51542775,0.24373961,0.28286086,0.23143160,0.39929991,0.28344854,0.36675782,0.18652314,0.21250446,0.11273321,0.08484579,0.05305957,0.10084209,0.03964602,0.12088496,0.37022537,0.16035398,0.50540281,0.00000000,0.26405941,0.12707965,0.12990101,0.57137286,0.15504707,0.15869632,0.32674465,0.23799538,0.05305957,0.64568846,0.41772791,0.45157321,0.28872204,0.42230922,0.58947462,0.12656054,0.57925742,0.24171371,0.67386285,0.15819453,0.32918811,0.47447851,0.21557522,0.47231625,0.33922310,0.50354101,0.53811210,0.34387191
0.92013109,0.84008070,0.70555025,0.72903195,0.74392790,0.73643738,0.80646756,0.63158143,0.66469097,0.57512314,0.47388022,0.42383622,0.36926530,0.36569863,0.29619052,0.21189793,0.22878348,0.27520413,0.53713568,0.18302809,0.18949759,0.47063930,0.26950399,0.21914820,0.28559330,0.20228841,0.22534748,0.14758016,0.22386041,0.11159765,0.24389381,0.26405941,0.00000000,0.38941384,0.37752212,0.34152289,0.11292035,0.38117324,0.58123894,0.47513643,0.26548673,0.39891732,0.15471416,0.18973451,0.05358975,0.16955280,0.32552195,0.33320947,0.32222214,0.40921107,0.41841459,0.27036005,0.55763583,0.21057722,0.47724731,0.24926008,0.58361699,0.29506158,0.34282977,0.29033824
0.67194300,0.63969765,0.66673010,0.89739981,0.92650309,0.64168775,0.63291236,0.69672236,0.52964503,0.49808361,0.56198521,0.49953559,0.51814740,0.62805637,0.32676764,0.39472550,0.33572976,0.51168728,0.19147758,0.48985066,0.30012689,0.11995469,0.19777349,0.20065395,0.13135891,0.21950071,0.16672566,0.24796460,0.48818612,0.28743363,0.63193009,0.12707965,0.38941384,0.00000000,0.05328491,0.69667082,0.27794892,0.10559134,0.20236243,0.13616314,0.13135891,0.77241469,0.54165411,0.57797657,0.40968313,0.54225804,0.71487199,0.11961681,0.69917411,0.21069060,0.79240716,0.20892310,0.22605365,0.59905520,0.08849558,0.58216518,0.22194774,0.60777233,0.63670895,0.41108366
0.72432376,0.69298238,0.71435015,0.92953813,0.95731464,0.69224052,0.68599015,0.73671868,0.58118702,0.54610093,0.59732356,0.53436297,0.54563954,0.64459857,0.35723832,0.41139904,0.35671409,0.52826576,0.24067729,0.49589711,0.31515027,0.17107234,0.22416143,0.21311976,0.15372789,0.23024916,0.16692180,0.24535749,0.50009997,0.28403396,0.62141593,0.12990101,0.37752212,0.05328491,0.00000000,0.69843560,0.26460177,0.05263158,0.20371681,0.10833434,0.11203540,0.76953426,0.52565040,0.56725664,0.39116758,0.52118313,0.70074040,0.07156748,0.67707506,0.15789474,0.76851310,0.16610673,0.20002607,0.58379326,0.11019557,0.55264383,0.21040585,0.57475729,0.60068033,0.36634601
1.05822011,0.94948820,0.70899601,0.52879550,0.52642651,0.77967159,0.89973372,0.56126200,0.75723522,0.64932869,0.44706827,0.43895677,0.34862080,0.19736004,0.45121126,0.33111241,0.39590341,0.24596344,0.79872710,0.21026549,0.40761062,0.74619469,0.52123894,0.49783420,0.57075047,0.47847871,0.53245554,0.45310467,0.23275440,0.41481685,0.16853617,0.57137286,0.34152289,0.69667082,0.69843560,0.00000000,0.44472536,0.71218177,0.89806009,0.80312821,0.58984469,0.09739291,0.26282850,0.19422090,0.36058287,0.31324431,0.21132948,0.66600779,0.31655119,0.75006969,0.37307765,0.61139167,0.89022721,0.23261571,0.78426440,0.40549209,0.90879178,0.45384478,0.50305715,0.59860193
0.84879339,0.78000272,0.68677477,0.77529252,0.79506805,0.70254851,0.75281401,0.64190796,0.61710381,0.53958741,0.48397897,0.42595290,0.39337500,0.43374776,0.26416185,0.22850727,0.21181868,0.32661215,0.43550483,0.25914386,0.15810450,0.36622804,0.18988996,0.13178604,0.18535596,0.12107487,0.11852171,0.05824837,0.28293527,0.05459595,0.35681416,0.15504707,0.11292035,0.27794892,0.26460177,0.44472536,0.00000000,0.26978543,0.46831858,0.36312649,0.15256637,0.50870890,0.26371254,0.30265487,0.13379559,0.26742847,0.43733783,0.22242295,0.42427982,0.30813121,0.51911865,0.17206170,0.44725380,0.32115618,0.36522809,0.32406841,0.47126678,0.36048729,0.40052715,0.26333788
0.77423327,0.74499451,0.76491070,0.96893415,0.99561216,0.74430450,0.73849491,0.78230844,0.63363259,0.59699077,0.63986484,0.57674535,0.58247211,0.67195118,0.39760550,0.44065851,0.39009703,0.55635926,0.28784771,0.51507720,0.34454357,0.22058180,0.26389188,0.24345522,0.19360444,0.25858285,0.19019236,0.26174519,0.52443372,0.29830444,0.62364079,0.15869632,0.38117324,0.10559134,0.05263158,0.71218177,0.26978543,0.00000000,0.21040585,0.09469027,0.12378212,0.77848146,0.52300885,0.56969305,0.38761062,0.51314872,0.69876106,0.04849558,0.66676849,0.10526316,0.75579216,0.13885675,0.17804544,0.58141593,0.14301508,0.53481269,0.20371681,0.55264383,0.57475729,0.33057321
0.68505390,0.69061095,0.79714915,1.07791482,1.10939268,0.75068775,0.70140126,0.85952969,0.63249284,0.63172388,0.73929598,0.67904404,0.70937020,0.82822939,0.51725510,0.59561537,0.53485694,0.71217378,0.22782492,0.69205805,0.50194128,0.20962006,0.39569901,0.40301611,0.33283598,0.42183998,0.36592868,0.44647585,0.69023471,0.48569197,0.82513274,0.32674465,0.58123894,0.20236243,0.20371681,0.89806009,0.46831858,0.21040585,0.00000000,0.12106557,0.31575221,0.97173583,0.72862904,0.77097345,0.59366507,0.72187522,0.90401128,0.25764544,0.87646355,0.25774268,0.96605033,0.34849018,0.11050428,0.78689485,0.11915645,0.74505269,0.05263158,0.76159980,0.78134830,0.52872623
0.75059165,0.73699930,0.79557293,1.03293685,1.06160773,0.76345630,0.73823388,0.83234804,0.64815884,0.62685731,0.69807425,0.63554124,0.65150708,0.75293190,0.46131266,0.51969507,0.46441019,0.63659109,0.26407148,0.60274072,0.42347231,0.21249383,0.32975516,0.32145100,0.26012737,0.33854460,0.27411421,0.35051545,0.60819844,0.38834359,0.71803772,0.23799538,0.47513643,0.13616314,0.10833434,0.80312821,0.36312649,0.09469027,0.12106557,0.00000000,0.21332038,0.87141527,0.61769912,0.66403598,0.48230088,0.60741725,0.79345133,0.14318584,0.76041827,0.14158594,0.84862362,0.22930766,0.09195094,0.67610619,0.10528458,0.62590677,0.10902655,0.64120969,0.66036400,0.40805856
0.76841283,0.71930833,0.69053903,0.85767531,0.88259558,0.68424534,0.70299299,0.68579740,0.58215858,0.52738902,0.53647869,0.47367761,0.46913847,0.54967568,0.29332103,0.32031700,0.27435819,0.43471867,0.31082547,0.39132182,0.22529491,0.23784587,0.16476420,0.12825545,0.10526316,0.14029135,0.07014568,0.13803823,0.40125684,0.17517332,0.50938053,0.05305957,0.26548673,0.13135891,0.11203540,0.58984469,0.15256637,0.12378212,0.31575221,0.21332038,0.00000000,0.65873024,0.41432989,0.45522124,0.28055621,0.41207831,0.58908156,0.08250692,0.56872908,0.19360444,0.66147578,0.10654234,0.30112161,0.47232210,0.21537925,0.45107970,0.32010864,0.47791594,0.50879717,0.29942114
1.15549992,1.04686891,0.80337986,0.59404963,0.58632874,0.87581392,0.99699888,0.65092556,0.85461304,0.74667712,0.54264378,0.53614330,0.44578546,0.29062527,0.54412088,0.42218277,0.48587575,0.34277903,0.88521886,0.29691440,0.49237856,0.82981238,0.60547770,0.57699115,0.65026549,0.55752212,0.60618298,0.52529819,0.32612741,0.48604387,0.17586615,0.64568846,0.39891732,0.77241469,0.76953426,0.09739291,0.50870890,0.77848146,0.97173583,0.87141527,0.65873024,0.00000000,0.28669047,0.22163617,0.40659998,0.32825902,0.17020005,0.73106003,0.28292402,0.80644573,0.31663950,0.66785515,0.95586154,0.24010438,0.86072571,0.40359444,0.97883653,0.44598156,0.49035783,0.62707492
1.05906227,0.97135187,0.80241449,0.74445524,0.75127412,0.84708720,0.93304121,0.69914131,0.78848550,0.69106397,0.54984171,0.51186508,0.43796465,0.37047300,0.42298690,0.31305244,0.35284257,0.32240075,0.69166401,0.21707578,0.32703844,0.62535201,0.42040460,0.37278873,0.44026120,0.35524799,0.37949280,0.30228269,0.27215021,0.26563983,0.11159765,0.41772791,0.15471416,0.54165411,0.52565040,0.26282850,0.26371254,0.52300885,0.72862904,0.61769912,0.41432989,0.28669047,0.00000000,0.06876009,0.13539823,0.05411097,0.17575221,0.47451327,0.17150222,0.53349657,0.26764274,0.39800855,0.69509281,0.05840708,0.62869778,0.15835277,0.72672566,0.21087006,0.26343297,0.34091237
1.05645530,0.96265297,0.77404755,0.68700907,0.69181610,0.82565279,0.92107841,0.65895573,0.77571153,0.67435073,0.51549314,0.48377566,0.40359152,0.31583411,0.41869910,0.30005673,0.34975044,0.28491664,0.71556416,0.18539794,0.33416884,0.65248984,0.43761891,0.39618653,0.46723303,0.37745270,0.41222329,0.33181139,0.23923362,0.29290896,0.05415929,0.45157321,0.18973451,0.57797657,0.56725664,0.19422090,0.30265487,0.56969305,0.77097345,0.66403598,0.45522124,0.22163617,0.06876009,0.00000000,0.18719715,0.11961681,0.14164567,0.52142413,0.18231607,0.58882157,0.27176578,0.45121126,0.74482090,0.05450292,0.66615321,0.21792000,0.77276785,0.26910941,0.32076594,0.40845955
0.96641014,0.88908073,0.75905856,0.77543757,0.78894255,0.78913246,0.85667821,0.68426109,0.71569306,0.62746981,0.52684988,0.47729323,0.42131503,0.40758706,0.34791401,0.26536566,0.28139191,0.32355082,0.56878635,0.22610601,0.23982455,0.49993943,0.31069528,0.25662501,0.31760424,0.24157449,0.25221934,0.18158705,0.27131239,0.15116753,0.23965602,0.28872204,0.05358975,0.40968313,0.39116758,0.36058287,0.13379559,0.38761062,0.59366507,0.48230088,0.28055621,0.40659998,0.13539823,0.18719715,0.00000000,0.13363289,0.31115044,0.33911504,0.29053581,0.40164950,0.38533895,0.26440630,0.56017710,0.19380531,0.49572946,0.20037249,0.59132743,0.24400762,0.29063803,0.24888176
1.08765093,1.00404570,0.84638921,0.79835637,0.80534856,0.88743714,0.96781739,0.74842283,0.82416978,0.72935280,0.59720731,0.55670463,0.48583236,0.42419102,0.45608569,0.35266019,0.38628927,0.37212729,0.70210532,0.26623396,0.35461662,0.63352536,0.43895677,0.38734046,0.45061018,0.37114908,0.38582337,0.31346686,0.32085953,0.28007701,0.15295568,0.42230922,0.16955280,0.54225804,0.52118313,0.31324431,0.26742847,0.51314872,0.72187522,0.60741725,0.41207831,0.32825902,0.05411097,0.11961681,0.13363289,0.00000000,0.19553509,0.46493551,0.15704651,0.51314872,0.25173692,0.38194690,0.68053097,0.08835901,0.62744830,0.10526450,0.71609607,0.15789563,0.21052699,0.30041545
1.19159303,1.09402359,0.88680917,0.74011792,0.73742060,0.94621925,1.05007244,0.75511887,0.90472137,0.80068516,0.62381439,0.60089961,0.51484856,0.39300405,0.55563090,0.43415538,0.48785839,0.39706840,0.85681174,0.31082547,0.47519723,0.79305561,0.57925742,0.53718062,0.60759999,0.51860318,0.55051136,0.47102755,0.35964168,0.43264664,0.09355401,0.58947462,0.32552195,0.71487199,0.70074040,0.21132948,0.43733783,0.69876106,0.90401128,0.79345133,0.58908156,0.17020005,0.17575221,0.14164567,0.31115044,0.19553509,0.00000000,0.65026549,0.11273321,0.70664514,0.16296991,0.57268910,0.87044221,0.11734513,0.80250873,0.24534656,0.90247788,0.28210905,0.32328975,0.49128713
0.79047055,0.75367705,0.75334386,0.93816738,0.96366707,0.73901560,0.74331421,0.75998049,0.63158381,0.58704489,0.61358321,0.55052190,0.55008071,0.63195438,0.37014805,0.40280279,0.35580541,0.51716569,0.31067813,0.47123446,0.30758478,0.23957069,0.23781925,0.20892310,0.17020005,0.22216026,0.15218696,0.21821738,0.48309897,0.25350675,0.57533279,0.12656054,0.33320947,0.11961681,0.07156748,0.66600779,0.22242295,0.04849558,0.25764544,0.14318584,0.08250692,0.73106003,0.47451327,0.52142413,0.33911504,0.46493551,0.65026549,0.00000000,0.61892841,0.11589717,0.70843913,0.09576055,0.22483122,0.53292035,0.17943035,0.48868859,0.25221239,0.50814084,0.53210700,0.29480604
1.22969410,1.13993628,0.95626277,0.84261149,0.84217908,1.00759802,1.10004753,0.83736128,0.95494078,0.85501450,0.69687161,0.66608677,0.58524189,0.48340593,0.59246887,0.47825943,0.52245737,0.46629072,0.85815363,0.36767769,0.49845711,0.79009990,0.59077536,0.54136233,0.60644381,0.52443372,0.54251390,0.46870263,0.42150731,0.43380154,0.16216995,0.57925742,0.32222214,0.69917411,0.67707506,0.31655119,0.42427982,0.66676849,0.87646355,0.76041827,0.56872908,0.28292402,0.17150222,0.18231607,0.29053581,0.15704651,0.11273321,0.61892841,0.00000000,0.65840708,0.09635278,0.53251881,0.83016565,0.13041461,0.78401559,0.15654634,0.86852630,0.18115465,0.21602644,0.41704283
0.87500980,0.84924779,0.86677180,1.05120805,1.07584783,0.84864254,0.84355184,0.87586023,0.73860313,0.69954411,0.72891060,0.66591180,0.66256830,0.73495650,0.48544048,0.51055060,0.46760847,0.62217197,0.38644314,0.56630927,0.41726722,0.32258021,0.35361079,0.32185676,0.28601400,0.33344628,0.26346562,0.31898518,0.58439090,0.34960912,0.64116184,0.24171371,0.40921107,0.21069060,0.15789474,0.75006969,0.30813121,0.10526316,0.25774268,0.14158594,0.19360444,0.80644573,0.53349657,0.58882157,0.40164950,0.51314872,0.70664514,0.11589717,0.65840708,0.00000000,0.74098659,0.13885675,0.17804544,0.59086785,0.23172033,0.51367689,0.22930520,0.52170317,0.53481269,0.27574925
1.32465842,1.23345048,1.04187433,0.90146245,0.89743650,1.09657994,1.19259351,0.91575863,1.04728580,0.94610822,0.78034289,0.75303688,0.66970489,0.55533491,0.68695342,0.57098321,0.61710780,0.55079266,0.95372804,0.45619004,0.59433712,0.88526145,0.68712013,0.63751338,0.70210532,0.62067564,0.63755299,0.56455415,0.50871209,0.52995479,0.24119372,0.67386285,0.41841459,0.79240716,0.76851310,0.37307765,0.51911865,0.75579216,0.96605033,0.84862362,0.66147578,0.31663950,0.26764274,0.27176578,0.38533895,0.25173692,0.16296991,0.70843913,0.09635278,0.74098659,0.00000000,0.61962607,0.91527668,0.22315860,0.87637304,0.22814159,0.95596164,0.23413387,0.25125469,0.48709958
0.87026849,0.82468578,0.79320181,0.93486746,0.95708763,0.78981930,0.80926424,0.77835413,0.68858821,0.63181224,0.62497391,0.56322374,0.54721388,0.60428915,0.38538952,0.38772166,0.35377021,0.49430985,0.39976625,0.43120506,0.30009915,0.32713708,0.26493325,0.21805774,0.21116881,0.22392064,0.16070297,0.19309368,0.45324860,0.21821314,0.50403453,0.15819453,0.27036005,0.20892310,0.16610673,0.61139167,0.17206170,0.13885675,0.34849018,0.22930766,0.10654234,0.66785515,0.39800855,0.45121126,0.26440630,0.38194690,0.57268910,0.09576055,0.53251881,0.13885675,0.61962607,0.00000000,0.29858407,0.45596812,0.27512765,0.39669845,0.33635570,0.41378747,0.43658980,0.20223884
0.79236349,0.79176383,0.87418106,1.12344847,1.15250776,0.83607143,0.79864830,0.91910568,0.71903576,0.70611007,0.78760215,0.72534415,0.74310765,0.84448869,0.55246327,0.61140571,0.55635926,0.72821421,0.32028118,0.69215508,0.51512341,0.28305420,0.42145824,0.41307291,0.35201594,0.42993812,0.36447235,0.43910491,0.69910347,0.47614553,0.79847328,0.32918811,0.55763583,0.22605365,0.20002607,0.89022721,0.44725380,0.17804544,0.11050428,0.09195094,0.30112161,0.95586154,0.69509281,0.74482090,0.56017710,0.68053097,0.87044221,0.22483122,0.83016565,0.17804544,0.91527668,0.29858407,0.00000000,0.75334520,0.17406860,0.68914854,0.06245756,0.69912526,0.71285812,0.45334108
1.10176483,1.01038107,0.82727998,0.73839010,0.74209516,0.87737219,0.96996931,0.71344104,0.82477948,0.72461027,0.56949467,0.53672817,0.45749770,0.36893511,0.46389942,0.34816654,0.39416463,0.33903006,0.74600952,0.23814938,0.37363094,0.68063388,0.47186796,0.42641631,0.49522604,0.40839479,0.43590919,0.35761293,0.29254359,0.32010335,0.06610660,0.47447851,0.21057722,0.59905520,0.58379326,0.23261571,0.32115618,0.58141593,0.78689485,0.67610619,0.47232210,0.24010438,0.05840708,0.05450292,0.19380531,0.08835901,0.11734513,0.53292035,0.13041461,0.59086785,0.22315860,0.45596812,0.75334520,0.00000000,0.68635005,0.17289561,0.78513274,0.22199881,0.27242287,0.38852975
0.64710164,0.63171474,0.70012200,0.96228565,0.99308485,0.66307957,0.63335765,0.74957132,0.54667128,0.53213932,0.62412911,0.56309358,0.59077536,0.70937875,0.39854822,0.47714752,0.41591519,0.59346356,0.15913422,0.57659254,0.38425655,0.10972551,0.27673108,0.28699124,0.21537925,0.30615090,0.25522124,0.33646018,0.57264096,0.37592920,0.72015592,0.21557522,0.47724731,0.08849558,0.11019557,0.78426440,0.36522809,0.14301508,0.11915645,0.10528458,0.21537925,0.86072571,0.62869778,0.66615321,0.49572946,0.62744830,0.80250873,0.17943035,0.78401559,0.23172033,0.87637304,0.27512765,0.17406860,0.68635005,0.00000000,0.66231251,0.15002836,0.68492976,0.71073191,0.47265506
1.16664675,1.08906021,0.94550744,0.90251447,0.90868197,0.98247682,1.05572279,0.85233871,0.91371150,0.82242780,0.69984032,0.65726451,0.58902576,0.52877841,0.54492440,0.44955371,0.47646434,0.47663119,0.75576478,0.37068268,0.43873414,0.68443308,0.50944912,0.45362964,0.50879717,0.43986155,0.43994900,0.37798235,0.42493974,0.35072838,0.23773698,0.47231625,0.24926008,0.58216518,0.55264383,0.40549209,0.32406841,0.53481269,0.74505269,0.62590677,0.45107970,0.40359444,0.15835277,0.21792000,0.20037249,0.10526450,0.24534656,0.48868859,0.15654634,0.51367689,0.22814159,0.39669845,0.68914854,0.17289561,0.66231251,0.00000000,0.73192412,0.05263158,0.10526316,0.26145834
0.73762530,0.74278915,0.84275679,1.11206682,1.14260420,0.79895202,0.75283197,0.89891232,0.68099860,0.67620027,0.77407372,0.71287602,0.73807677,0.84969112,0.54591552,0.61618862,0.55767615,0.73325467,0.27719117,0.70592841,0.52089887,0.25165681,0.41948574,0.41984807,0.35303004,0.43794906,0.37711278,0.45568732,0.70806405,0.49417298,0.82680961,0.33922310,0.58361699,0.22194774,0.21040585,0.90879178,0.47126678,0.20371681,0.05263158,0.10902655,0.32010864,0.97883653,0.72672566,0.77276785,0.59132743,0.71609607,0.90247788,0.25221239,0.86852630,0.22930520,0.95596164,0.33635570,0.06245756,0.78513274,0.15002836,0.73192412,0.00000000,0.74505269,0.76159980,0.50459952
1.20748397,1.13269813,0.99545830,0.95471738,0.96054976,1.03063748,1.10068320,0.90437493,0.95955264,0.86989649,0.75137787,0.70798921,0.64083013,0.58118702,0.59124799,0.49918929,0.52355485,0.52896963,0.78630263,0.42303298,0.48377566,0.71414277,0.54871637,0.49172241,0.54303374,0.47905037,0.47331389,0.41634309,0.47714274,0.39176691,0.28539380,0.50354101,0.29506158,0.60777233,0.57475729,0.45384478,0.36048729,0.55264383,0.76159980,0.64120969,0.47791594,0.44598156,0.21087006,0.26910941,0.24400762,0.15789563,0.28210905,0.50814084,0.18115465,0.52170317,0.23413387,0.41378747,0.69912526,0.22199881,0.68492976,0.05263158,0.74505269,0.00000000,0.05263158,0.25610619
1.24920399,1.17707184,1.04567218,1.00696492,1.01249637,1.07921577,1.14629690,0.95647630,1.00605865,0.91792836,0.80305736,0.75897363,0.69275922,0.63363259,0.63854986,0.54938286,0.57161286,0.58136101,0.81908693,0.47544538,0.53021723,0.74638549,0.59006870,0.53229895,0.58003180,0.52061551,0.50993835,0.45755071,0.52943061,0.43530724,0.33454526,0.53811210,0.34282977,0.63670895,0.60068033,0.50305715,0.40052715,0.57475729,0.78134830,0.66036400,0.50879717,0.49035783,0.26343297,0.32076594,0.29063803,0.21052699,0.32328975,0.53210700,0.21602644,0.53481269,0.25125469,0.43658980,0.71285812,0.27242287,0.71073191,0.10526316,0.76159980,0.05263158,0.00000000,0.26145834
1.06776803,1.01517017,0.94866373,1.01864350,1.03415422,0.95912843,0.99502444,0.90334686,0.86643751,0.79699066,0.74486447,0.68821773,0.64859915,0.65534568,0.52648316,0.48383422,0.47483909,0.56417444,0.60199026,0.47286943,0.42143193,0.52928151,0.43180297,0.37492975,0.39513923,0.37181034,0.33019321,0.31615610,0.51369513,0.31671903,0.45123166,0.34387191,0.29033824,0.41108366,0.36634601,0.59860193,0.26333788,0.33057321,0.52872623,0.40805856,0.29942114,0.62707492,0.34091237,0.40845955,0.24888176,0.30041545,0.49128713,0.29480604,0.41704283,0.27574925,0.48709958,0.20223884,0.45334108,0.38852975,0.47265506,0.26145834,0.50459952,0.25610619,0.26145834,0.00000000
