0.00000000,0.22742405,0.48647524,0.28464419,0.67623804,0.02767374,0.10466084,0.23837731,0.16801258,0.22121442,0.32426666,0.39430606,0.37902624,0.43132830,0.28574459,0.36248551,0.44082264,0.45092194,0.56022262,0.56611927,0.68127974,0.67928365,0.46475006,0.50698265,0.64549179,0.62835436,0.67268363,0.50138528,0.80060686,0.75018735,0.71369760,0.63212795,0.52250211,0.86729998,0.77207445,0.59241116,0.57143316,0.65138812,0.82076276,0.96214723,0.72504232,0.61334423,0.89452814,0.71751900,0.85108529,0.90959333,0.88096785,0.97719550,1.02121185,0.79876106,0.85777309,0.82834804,1.02943260,1.04530673,0.76587043,0.79550564,0.64808975,0.92104066,1.00426150,1.16021065
0.22742405,0.00000000,0.25905119,0.51206825,0.44881398,0.19975031,0.33208489,0.07142857,0.19931682,0.27508563,0.29516033,0.28913125,0.50310441,0.50981562,0.36260011,0.39359143,0.54128421,0.36033498,0.44884557,0.50144779,0.55261252,0.50032781,0.43121210,0.58897685,0.53169004,0.75194475,0.77092404,0.56572941,0.62057027,0.84781952,0.60547273,0.57303391,0.50570381,0.73425025,0.67329928,0.50808934,0.61417953,0.65439599,0.73585619,0.82719342,0.72167327,0.57144691,0.81081043,0.77298322,0.75205364,1.00873315,0.85747679,1.07009046,0.91765529,0.79015410,0.89579561,0.66142978,0.92311151,1.13262910,0.87405001,0.79243622,0.65905883,0.86412847,0.90677392,1.03991498
0.48647524,0.25905119,0.00000000,0.77111943,0.18976280,0.45880150,0.59113608,0.26871836,0.42290339,0.48181792,0.43886797,0.35741056,0.70979608,0.68561971,0.56058829,0.55472994,0.72896877,0.41491453,0.44661839,0.54665292,0.50056234,0.36863908,0.52700886,0.75846878,0.50608379,0.94114730,0.93908946,0.72407389,0.46870395,1.01120402,0.57445454,0.61095655,0.60173436,0.64994340,0.64554838,0.52770795,0.74897738,0.74748240,0.71899868,0.73158114,0.80080112,0.62930974,0.78791773,0.90426278,0.71467946,1.16627405,0.90264685,1.21973201,0.85988874,0.85719771,1.00220714,0.52939431,0.86121451,1.27495148,1.04501798,0.86511577,0.75941604,0.87006507,0.85793371,0.95182635
0.28464419,0.51206825,0.77111943,0.00000000,0.96088223,0.31231794,0.17998335,0.51702605,0.39949138,0.40153444,0.52294507,0.62545990,0.39041832,0.48923231,0.40625283,0.49771202,0.46539649,0.66412885,0.77477118,0.74341122,0.89922488,0.93348511,0.63194851,0.53881063,0.85445192,0.57190357,0.64865837,0.55785868,1.05212553,0.71642685,0.91313136,0.79654215,0.66361398,1.07919645,0.95944963,0.78284869,0.63942252,0.75176320,0.99238567,1.17205764,0.82313060,0.76424954,1.06048348,0.74640571,1.03383242,0.85737075,0.98639463,0.92878180,1.19997099,0.89492628,0.89335397,1.06918417,1.21050274,1.00019535,0.71433420,0.88582551,0.74015664,1.05888298,1.17791107,1.35022284
0.67623804,0.44881398,0.18976280,0.96088223,0.00000000,0.64856429,0.78089888,0.45446235,0.60491745,0.65722172,0.59585617,0.49522556,0.87898883,0.84213590,0.73028732,0.71051547,0.88949641,0.53695218,0.53214214,0.64707383,0.54366815,0.37045546,0.65585725,0.90980172,0.56729455,1.09799051,1.08522226,0.87123946,0.42857143,1.15334178,0.62318232,0.70094703,0.72467612,0.64970035,0.68926838,0.61524756,0.88359390,0.85993619,0.76430480,0.71498556,0.90260657,0.72944811,0.82411924,1.03157831,0.74550596,1.30244643,0.97886631,1.35052498,0.86565510,0.94913644,1.11244595,0.50025001,0.86368673,1.40059731,1.19061887,0.96012576,0.87530546,0.92180419,0.87067941,0.92877304
0.02767374,0.19975031,0.45880150,0.31231794,0.64856429,0.00000000,0.13233458,0.21213729,0.15524053,0.21601237,0.31213326,0.37576958,0.38916795,0.43532144,0.28668010,0.35878923,0.44810996,0.43458063,0.54281296,0.55368043,0.66279379,0.65590492,0.45476186,0.51228735,0.62835535,0.64035892,0.68134620,0.50419684,0.77737321,0.75910335,0.69746974,0.62079938,0.51514939,0.84897138,0.75709889,0.57804099,0.57199214,0.64750025,0.80749062,0.94383025,0.72080887,0.60384021,0.88163505,0.72066996,0.83636098,0.91922481,0.87498984,0.98616696,1.00643624,0.79424636,0.85927882,0.80645737,1.01436806,1.05369843,0.77628413,0.79164909,0.64516448,0.91127673,0.99012294,1.14383368
0.10466084,0.33208489,0.59113608,0.17998335,0.78089888,0.13233458,0.00000000,0.33967988,0.24019299,0.26718539,0.38497044,0.47256005,0.35783613,0.43221094,0.30573673,0.39411775,0.42857390,0.52144678,0.63271347,0.62210942,0.75628078,0.77027936,0.51437086,0.50043276,0.71628693,0.59251917,0.64961028,0.50452441,0.89077299,0.72507805,0.78091108,0.68345929,0.56188379,0.94075922,0.83459979,0.65453204,0.58135087,0.67620652,0.87705831,1.03518705,0.75012378,0.65862860,0.94901973,0.71522386,0.91223061,0.88011026,0.91085360,0.94981318,1.08167936,0.82405649,0.86014359,0.91397786,1.09088220,1.01975496,0.73462329,0.81843054,0.66946108,0.96427572,1.06256010,1.22582399
0.23837731,0.07142857,0.26871836,0.51702605,0.45446235,0.21213729,0.33967988,0.00000000,0.15627244,0.22396853,0.22672745,0.21882092,0.45518752,0.45143052,0.30945848,0.33014518,0.48668896,0.28969455,0.38123470,0.43025964,0.48893156,0.45211674,0.36030740,0.52968594,0.46515349,0.69920690,0.71245294,0.50370948,0.57357215,0.78858047,0.53857832,0.50183388,0.43521238,0.67259849,0.60547273,0.43798201,0.54834832,0.58437951,0.66674250,0.76636165,0.65105571,0.50002095,0.74180233,0.70750568,0.68457718,0.94878640,0.78607856,1.00873315,0.85131915,0.71916663,0.82770939,0.60923134,0.85719771,1.07009046,0.81671577,0.72167327,0.58959635,0.79332911,0.83957847,0.97666379
0.16801258,0.19931682,0.42290339,0.39949138,0.60491745,0.15524053,0.24019299,0.15627244,0.00000000,0.07889409,0.15691597,0.23240406,0.30380337,0.31691422,0.16586000,0.21590893,0.34403023,0.28430829,0.39473651,0.39862880,0.51736766,0.53424642,0.29996068,0.39652619,0.47940436,0.55318469,0.57627416,0.37861001,0.65356684,0.65382076,0.54653688,0.46555889,0.36270115,0.70270674,0.60417637,0.42441489,0.43714296,0.50027701,0.65291279,0.79741241,0.57256124,0.44915581,0.72683863,0.59246418,0.68311704,0.81518657,0.72349424,0.87844863,0.85324129,0.64523534,0.72451321,0.67433479,0.86152708,0.94287801,0.67791955,0.64386417,0.50003896,0.75632643,0.83625276,0.99296900
0.22121442,0.27508563,0.48181792,0.40153444,0.65722172,0.21601237,0.26718539,0.22396853,0.07889409,0.00000000,0.12160703,0.22827532,0.23125694,0.23802431,0.08763344,0.14303221,0.26631796,0.26260635,0.37346137,0.35492595,0.49794850,0.54205173,0.24800076,0.31763798,0.45437810,0.47705196,0.49768575,0.30021517,0.65722172,0.57513962,0.51616459,0.41704813,0.30165212,0.67946600,0.56793339,0.38819410,0.36100174,0.43149514,0.60995811,0.77312482,0.50480665,0.39464732,0.68220633,0.51489993,0.64522868,0.73647290,0.65980047,0.79958183,0.81453878,0.57829443,0.64882614,0.66951818,0.82382363,0.86398725,0.59977353,0.57563910,0.42943736,0.70204873,0.79538572,0.95950306
0.32426666,0.29516033,0.43886797,0.52294507,0.59585617,0.31213326,0.38497044,0.22672745,0.15691597,0.12160703,0.00000000,0.11839367,0.28923334,0.24744286,0.14918851,0.11595601,0.29364651,0.14131238,0.25187946,0.24186013,0.37636387,0.43043736,0.14528062,0.31966211,0.33299720,0.50358755,0.50105696,0.28678364,0.54205173,0.57453630,0.39603096,0.30871824,0.21429218,0.55808052,0.45028756,0.27007119,0.32319055,0.36039049,0.49663116,0.65192850,0.42954623,0.29404491,0.57027000,0.48237638,0.52858762,0.73217202,0.57362461,0.78918348,0.69854517,0.50009160,0.60100796,0.55049333,0.70726829,0.84838042,0.60686971,0.50083579,0.36416331,0.60023898,0.68073250,0.84100434
0.39430606,0.28913125,0.35741056,0.62545990,0.49522556,0.37576958,0.47256005,0.21882092,0.23240406,0.22827532,0.11839367,0.00000000,0.40501664,0.35083520,0.26758219,0.22156714,0.40124077,0.07151610,0.16834197,0.21437661,0.28706038,0.31429985,0.16990099,0.41517191,0.25406601,0.60482297,0.59016156,0.37602184,0.42898003,0.65932914,0.32545491,0.28571800,0.24562645,0.47320956,0.38966558,0.21916412,0.39273218,0.39411775,0.44859896,0.56806994,0.45318366,0.28986823,0.52372535,0.54692446,0.46921079,0.81147087,0.57548971,0.86326107,0.63784306,0.51611535,0.64755192,0.44383684,0.64463902,0.91769191,0.69573603,0.52125038,0.40432909,0.57515152,0.62435032,0.77000653
0.37902624,0.50310441,0.70979608,0.39041832,0.87898883,0.38916795,0.35783613,0.45518752,0.30380337,0.23125694,0.28923334,0.40501664,0.00000000,0.10593791,0.14928368,0.18893050,0.07526417,0.40220558,0.49292639,0.41761996,0.60673730,0.70474407,0.31490777,0.14920887,0.55390349,0.25295423,0.29444278,0.16867302,0.80633268,0.37152531,0.59447915,0.45132649,0.31310020,0.76450949,0.62379464,0.46703750,0.25022888,0.36804541,0.64010634,0.85018714,0.43672541,0.41019289,0.70082848,0.36196468,0.68940047,0.53056710,0.59931426,0.59835780,0.84570173,0.50690605,0.50876835,0.80020425,0.85782996,0.66690836,0.38713093,0.49684156,0.35406377,0.68212835,0.82024240,1.00152839
0.43132830,0.50981562,0.68561971,0.48923231,0.84213590,0.43532144,0.43221094,0.45143052,0.31691422,0.23802431,0.24744286,0.35083520,0.10593791,0.00000000,0.15231989,0.13173996,0.05451519,0.33175085,0.40948814,0.32220765,0.51640782,0.63056719,0.22846442,0.07961516,0.46247811,0.25618070,0.26122348,0.07233952,0.72492717,0.33801146,0.49724287,0.34950541,0.21272516,0.66627735,0.52226494,0.37331413,0.15168030,0.26374683,0.53555523,0.74986506,0.33406905,0.30682199,0.59530944,0.28636883,0.58583927,0.49906635,0.49726314,0.56159928,0.74046093,0.40570291,0.42886308,0.71270201,0.75272775,0.62603863,0.36530677,0.39688852,0.25109249,0.57661968,0.71473761,0.89663243
0.28574459,0.36260011,0.56058829,0.40625283,0.73028732,0.28668010,0.30573673,0.30945848,0.16586000,0.08763344,0.14918851,0.26758219,0.14928368,0.15231989,0.00000000,0.09191306,0.17870528,0.28037081,0.38418550,0.33796000,0.50618801,0.57808776,0.22638104,0.23165708,0.45738123,0.39003035,0.41043263,0.21824956,0.68709176,0.48803298,0.51080800,0.39045554,0.26015702,0.67946065,0.55393427,0.37979236,0.28572042,0.37112661,0.58632189,0.77061596,0.44512634,0.35979963,0.65520391,0.43461076,0.62767938,0.64942103,0.60519808,0.71307950,0.79379299,0.51912710,0.57262759,0.69036186,0.80426392,0.77808813,0.51219531,0.51426063,0.36556710,0.66133537,0.77203614,0.94410653
0.36248551,0.39359143,0.55472994,0.49771202,0.71051547,0.35878923,0.39411775,0.33014518,0.21590893,0.14303221,0.11595601,0.22156714,0.18893050,0.13173996,0.09191306,0.00000000,0.17999010,0.21327507,0.30721231,0.24863354,0.42545032,0.51581357,0.13773774,0.20416442,0.37454781,0.38790577,0.38636805,0.17395089,0.61837145,0.46087763,0.42375763,0.29883018,0.16867302,0.59348388,0.46398795,0.29291963,0.22245110,0.28894252,0.49467863,0.68335913,0.36255692,0.26793296,0.56331664,0.38008279,0.53679683,0.61988822,0.51963388,0.67881663,0.70226828,0.43630294,0.50892286,0.61523413,0.71286795,0.73995048,0.49195146,0.43309349,0.28642627,0.57067071,0.68029126,0.85320458
0.44082264,0.54128421,0.72896877,0.46539649,0.88949641,0.44810996,0.42857390,0.48668896,0.34403023,0.26631796,0.29364651,0.40124077,0.07526417,0.05451519,0.17870528,0.17999010,0.00000000,0.38516634,0.46400333,0.37556091,0.57044884,0.68475934,0.28297961,0.07400334,0.51640782,0.21310807,0.23435197,0.09722479,0.77944236,0.31230104,0.54968293,0.39988003,0.26470892,0.71811022,0.57241727,0.42694956,0.17758650,0.29883018,0.58239111,0.80053749,0.36530677,0.35597369,0.63976104,0.28787009,0.63398934,0.47345291,0.52700886,0.53896585,0.78555073,0.43422528,0.43430358,0.76696218,0.79814788,0.60581746,0.33406905,0.42351789,0.28335319,0.61442865,0.75906944,0.94237494
0.45092194,0.36033498,0.41491453,0.66412885,0.53695218,0.43458063,0.52144678,0.28969455,0.28430829,0.26260635,0.14131238,0.07151610,0.40220558,0.33175085,0.28037081,0.21327507,0.38516634,0.00000000,0.11142435,0.14319148,0.23570036,0.30253849,0.11926175,0.38650445,0.19515688,0.57782380,0.55290923,0.34362868,0.40726977,0.61818249,0.26290033,0.21434389,0.18890212,0.41931515,0.32377596,0.14902988,0.34704906,0.33256883,0.37972808,0.51376617,0.38769534,0.22060766,0.45483149,0.49539906,0.40335780,0.76553437,0.50512684,0.81398617,0.57299283,0.44829267,0.58733330,0.41078429,0.58045715,0.86562589,0.65712706,0.45434582,0.34484368,0.50380449,0.55813579,0.70935843
0.56022262,0.44884557,0.44661839,0.77477118,0.53214214,0.54281296,0.63271347,0.38123470,0.39473651,0.37346137,0.25187946,0.16834197,0.49292639,0.40948814,0.38418550,0.30721231,0.46400333,0.11142435,0.00000000,0.11909518,0.12448712,0.22847295,0.18102372,0.45035309,0.08574766,0.63832992,0.59855702,0.40440222,0.31543903,0.65562612,0.15769993,0.16911700,0.22097634,0.30811016,0.22445372,0.08340963,0.38592451,0.33363470,0.28900484,0.40271808,0.37081532,0.19859273,0.36333473,0.51530137,0.30336060,0.79131411,0.45652801,0.83216858,0.47057588,0.41791012,0.58193912,0.30802185,0.47695811,0.87694650,0.69825131,0.42827837,0.35148533,0.42922736,0.45834639,0.60173436
0.56611927,0.50144779,0.54665292,0.74341122,0.64707383,0.55368043,0.62210942,0.43025964,0.39862880,0.35492595,0.24186013,0.21437661,0.41761996,0.32220765,0.33796000,0.24863354,0.37556091,0.14319148,0.11909518,0.00000000,0.19725343,0.34343945,0.11158413,0.34935497,0.14273824,0.53166150,0.48509921,0.30274657,0.41690116,0.53920645,0.17712962,0.07158871,0.11381606,0.34741779,0.21605792,0.05222638,0.27273236,0.21481195,0.25530296,0.43547944,0.25655437,0.08319550,0.32848975,0.39644449,0.29125124,0.67257074,0.36248551,0.71307352,0.45982732,0.31056256,0.46538143,0.39492301,0.46940802,0.75815591,0.58265790,0.31864468,0.23240406,0.36424486,0.44046938,0.60716442
0.68127974,0.55261252,0.50056234,0.89922488,0.54366815,0.66279379,0.75628078,0.48893156,0.51736766,0.49794850,0.37636387,0.28706038,0.60673730,0.51640782,0.50618801,0.42545032,0.57044884,0.23570036,0.12448712,0.19725343,0.00000000,0.18343392,0.29185527,0.54660841,0.05451519,0.72760940,0.67610538,0.50000000,0.22511574,0.72446793,0.07961516,0.20529461,0.31106950,0.18620594,0.14712137,0.14502705,0.46597323,0.38515146,0.22211921,0.28105156,0.40047920,0.25031601,0.28787009,0.57241727,0.21428571,0.84622382,0.44132345,0.87875890,0.36889825,0.42822718,0.61090144,0.19766958,0.37293221,0.91572034,0.76951409,0.44282940,0.40649553,0.37861001,0.36223920,0.48773468
0.67928365,0.50032781,0.36863908,0.93348511,0.37045546,0.65590492,0.77027936,0.45211674,0.53424642,0.54205173,0.43043736,0.31429985,0.70474407,0.63056719,0.57808776,0.51581357,0.68475934,0.30253849,0.22847295,0.34343945,0.18343392,0.00000000,0.40440222,0.67691890,0.22173280,0.86608709,0.82683820,0.63143686,0.12160703,0.88260264,0.26170037,0.37482590,0.44944226,0.28574770,0.32280237,0.29674194,0.61412851,0.55237490,0.39707021,0.36333473,0.57716112,0.41463739,0.45413895,0.73802799,0.37522108,1.01406644,0.62459449,1.05112385,0.50051412,0.60997120,0.78927076,0.16502049,0.50005927,1.09160251,0.92580089,0.62388894,0.57208584,0.55493793,0.50296313,0.58343831
0.46475006,0.43121210,0.52700886,0.63194851,0.65585725,0.45476186,0.51437086,0.36030740,0.29996068,0.24800076,0.14528062,0.16990099,0.31490777,0.22846442,0.22638104,0.13773774,0.28297961,0.11926175,0.18102372,0.11158413,0.29185527,0.40440222,0.00000000,0.27313400,0.23937007,0.46367105,0.43439303,0.22847295,0.49646275,0.49897149,0.28604292,0.16911700,0.07675339,0.45591130,0.32761373,0.15534783,0.22783681,0.22693215,0.36337013,0.54562332,0.29102577,0.14920887,0.43469922,0.37821296,0.40213196,0.64661424,0.42922736,0.69601473,0.56971194,0.35895234,0.47842853,0.48592765,0.57969216,0.74897738,0.53819765,0.36140609,0.23546011,0.45652801,0.54925913,0.71837569
0.50698265,0.58897685,0.75846878,0.53881063,0.90980172,0.51228735,0.50043276,0.52968594,0.39652619,0.31763798,0.31966211,0.41517191,0.14920887,0.07961516,0.23165708,0.20416442,0.07400334,0.38650445,0.45035309,0.34935497,0.54660841,0.67691890,0.27313400,0.00000000,0.49209322,0.19132038,0.18291299,0.04660841,0.76344038,0.25898280,0.51640782,0.36127226,0.23553891,0.68119065,0.53102086,0.40158136,0.11190416,0.23686050,0.53310304,0.75932785,0.29883018,0.31490777,0.58583927,0.21486842,0.58711082,0.41975790,0.45838908,0.48199496,0.73202662,0.36530677,0.36076276,0.74427799,0.74513977,0.54648483,0.28803160,0.35357285,0.21903940,0.55202800,0.70440863,0.88949641
0.64549179,0.53169004,0.50608379,0.85445192,0.56729455,0.62835535,0.71628693,0.46515349,0.47940436,0.45437810,0.33299720,0.25406601,0.55390349,0.46247811,0.45738123,0.37454781,0.51640782,0.19515688,0.08574766,0.14273824,0.05451519,0.22173280,0.23937007,0.49209322,0.00000000,0.67337880,0.62292751,0.44548481,0.27735383,0.67258534,0.07400334,0.15534783,0.25655431,0.22509220,0.14416177,0.09051186,0.41218706,0.33513549,0.21432218,0.31904500,0.35562278,0.19867738,0.28636883,0.52226494,0.22111145,0.79713378,0.41166874,0.83159167,0.38617424,0.38932290,0.56756824,0.25218477,0.39211793,0.87055800,0.71731589,0.40271808,0.35597369,0.36416331,0.37522108,0.51598740
0.62835436,0.75194475,0.94114730,0.57190357,1.09799051,0.64035892,0.59251917,0.69920690,0.55318469,0.47705196,0.50358755,0.60482297,0.25295423,0.25618070,0.39003035,0.38790577,0.21310807,0.57782380,0.63832992,0.53166150,0.72760940,0.86608709,0.46367105,0.19132038,0.67337880,0.00000000,0.09541039,0.23520322,0.94839903,0.14640675,0.68893050,0.53162713,0.41915631,0.84654774,0.69262348,0.58345659,0.26362880,0.37331413,0.68078377,0.91714513,0.41136960,0.48418643,0.72148708,0.24036029,0.73805255,0.28894252,0.54562332,0.35973066,0.86502674,0.45830061,0.36582598,0.92452786,0.87918116,0.43073030,0.14364053,0.44128806,0.35087628,0.66312708,0.83504441,1.02140287
0.67268363,0.77092404,0.93908946,0.64865837,1.08522226,0.68134620,0.64961028,0.71245294,0.57627416,0.49768575,0.50105696,0.59016156,0.29444278,0.26122348,0.41043263,0.38636805,0.23435197,0.55290923,0.59855702,0.48509921,0.67610538,0.82683820,0.43439303,0.18291299,0.62292751,0.09541039,0.00000000,0.21512291,0.90020020,0.07794977,0.62974026,0.47378812,0.37782006,0.78027466,0.62567624,0.53523060,0.21272516,0.30316271,0.60659221,0.84571842,0.33032865,0.42694956,0.64177794,0.14837097,0.66468967,0.23921426,0.45517684,0.30485693,0.78311332,0.37051233,0.27057857,0.87031484,0.79753336,0.37263403,0.10593791,0.35273664,0.28027466,0.57647140,0.75254355,0.93823606
0.50138528,0.56572941,0.72407389,0.55785868,0.87123946,0.50419684,0.50452441,0.50370948,0.37861001,0.30021517,0.28678364,0.37602184,0.16867302,0.07233952,0.21824956,0.17395089,0.09722479,0.34362868,0.40440222,0.30274657,0.50000000,0.63143686,0.22847295,0.04660841,0.44548481,0.23520322,0.21512291,0.00000000,0.71704968,0.28775369,0.47029161,0.31571843,0.18893050,0.63569387,0.48629242,0.35497295,0.08163928,0.20165253,0.49078342,0.71473491,0.26843341,0.26972144,0.54562332,0.21648716,0.54398379,0.44601425,0.43070538,0.50502590,0.69171558,0.33823400,0.35716959,0.69766958,0.70458798,0.56690184,0.32105416,0.32828461,0.18620594,0.51736766,0.66465521,0.84895175
0.80060686,0.62057027,0.46870395,1.05212553,0.42857143,0.77737321,0.89077299,0.57357215,0.65356684,0.65722172,0.54205173,0.42898003,0.80633268,0.72492717,0.68709176,0.61837145,0.77944236,0.40726977,0.31543903,0.41690116,0.22511574,0.12160703,0.49646275,0.76344038,0.27735383,0.94839903,0.90020020,0.71704968,0.00000000,0.94953980,0.28676428,0.43035368,0.52939354,0.23401624,0.32824375,0.36555656,0.68892360,0.61003550,0.39444948,0.28745944,0.62139133,0.47536523,0.43517423,0.79723420,0.35666189,1.07020853,0.63809000,1.10076012,0.44535194,0.64114278,0.82856236,0.07315811,0.44151372,1.13499050,0.99448573,0.65730173,0.63151620,0.54653688,0.45504091,0.50037431
0.75018735,0.84781952,1.01120402,0.71642685,1.15334178,0.75910335,0.72507805,0.78858047,0.65382076,0.57513962,0.57453630,0.65932914,0.37152531,0.33801146,0.48803298,0.46087763,0.31230104,0.61818249,0.65562612,0.53920645,0.72446793,0.88260264,0.49897149,0.25898280,0.67258534,0.14640675,0.07794977,0.28775369,0.94953980,0.00000000,0.67224176,0.51960773,0.43711066,0.81462322,0.66075931,0.58749828,0.27210295,0.34191784,0.63358302,0.87390762,0.35372451,0.47417465,0.66075931,0.16125676,0.69205160,0.16140118,0.45576022,0.22706948,0.79733819,0.37985160,0.24287739,0.91516236,0.81208148,0.29542314,0.04702455,0.36086434,0.31957057,0.58411404,0.76603936,0.94938489
0.71369760,0.60547273,0.57445454,0.91313136,0.62318232,0.69746974,0.78091108,0.53857832,0.54653688,0.51616459,0.39603096,0.32545491,0.59447915,0.49724287,0.51080800,0.42375763,0.54968293,0.26290033,0.15769993,0.17712962,0.07961516,0.26170037,0.28604292,0.51640782,0.07400334,0.68893050,0.62974026,0.47029161,0.28676428,0.67224176,0.00000000,0.15730337,0.28500118,0.17030183,0.07142857,0.13104140,0.42530171,0.33032865,0.14474546,0.25981919,0.33513549,0.20474407,0.21428571,0.51580783,0.14712137,0.78578565,0.36311316,0.81447987,0.31289195,0.35562278,0.54190559,0.24354403,0.31929219,0.84823340,0.71826176,0.37124924,0.35270993,0.29970827,0.30132004,0.44651330
0.63212795,0.57303391,0.61095655,0.79654215,0.70094703,0.62079938,0.68345929,0.50183388,0.46555889,0.41704813,0.30871824,0.28571800,0.45132649,0.34950541,0.39045554,0.29883018,0.39988003,0.21434389,0.16911700,0.07158871,0.20529461,0.37482590,0.16911700,0.36127226,0.15534783,0.53162713,0.47378812,0.31571843,0.43035368,0.51960773,0.15730337,0.00000000,0.13845005,0.31997620,0.17276108,0.08574766,0.26799834,0.17999010,0.19586715,0.40065751,0.20416442,0.04744070,0.26582460,0.36725112,0.23969146,0.64180276,0.29341738,0.67663073,0.40345194,0.24884287,0.41658167,0.39662221,0.41416519,0.71690418,0.56496806,0.25921673,0.20120382,0.29341738,0.38164157,0.55536705
0.52250211,0.50570381,0.60173436,0.66361398,0.72467612,0.51514939,0.56188379,0.43521238,0.36270115,0.30165212,0.21429218,0.24562645,0.31310020,0.21272516,0.26015702,0.16867302,0.26470892,0.18890212,0.22097634,0.11381606,0.31106950,0.44944226,0.07675339,0.23553891,0.25655431,0.41915631,0.37782006,0.18893050,0.52939354,0.43711066,0.28500118,0.13845005,0.00000000,0.45358732,0.31069567,0.16604245,0.16559403,0.15026812,0.33124853,0.53748854,0.21601237,0.10082626,0.39718546,0.30691627,0.37773350,0.57928843,0.36088131,0.62585743,0.53881923,0.28582367,0.40201215,0.50873908,0.55012645,0.67677475,0.47865234,0.28701155,0.15886448,0.40239493,0.51541397,0.69246259
0.86729998,0.73425025,0.64994340,1.07919645,0.64970035,0.84897138,0.94075922,0.67259849,0.70270674,0.67946600,0.55808052,0.47320956,0.76450949,0.66627735,0.67946065,0.59348388,0.71811022,0.41931515,0.30811016,0.34741779,0.18620594,0.28574770,0.45591130,0.68119065,0.22509220,0.84654774,0.78027466,0.63569387,0.23401624,0.81462322,0.17030183,0.31997620,0.45358732,0.00000000,0.15459842,0.30057916,0.58428263,0.47711194,0.19170650,0.09486065,0.46330044,0.36637285,0.21049664,0.65414038,0.13916368,0.91212832,0.43511721,0.93150006,0.21598621,0.46109844,0.65132381,0.16287714,0.21462528,0.95582986,0.86147652,0.47953458,0.50000000,0.32557244,0.22222911,0.30739583
0.77207445,0.67329928,0.64554838,0.95944963,0.68926838,0.75709889,0.83459979,0.60547273,0.60417637,0.56793339,0.45028756,0.38966558,0.62379464,0.52226494,0.55393427,0.46398795,0.57241727,0.32377596,0.22445372,0.21605792,0.14712137,0.32280237,0.32761373,0.53102086,0.14416177,0.69262348,0.62567624,0.48629242,0.32824375,0.66075931,0.07142857,0.17276108,0.31069567,0.15459842,0.00000000,0.18021645,0.43125814,0.32251352,0.07513406,0.22847295,0.31146376,0.21684597,0.14285714,0.50075103,0.07961516,0.76272197,0.31005948,0.78578565,0.24937339,0.31773788,0.50788521,0.27316628,0.25735815,0.81447987,0.70752656,0.33513549,0.34540158,0.23261721,0.23469017,0.39173430
0.59241116,0.50808934,0.52770795,0.78284869,0.61524756,0.57804099,0.65453204,0.43798201,0.42441489,0.38819410,0.27007119,0.21916412,0.46703750,0.37331413,0.37979236,0.29291963,0.42694956,0.14902988,0.08340963,0.05222638,0.14502705,0.29674194,0.15534783,0.40158136,0.09051186,0.58345659,0.53523060,0.35497295,0.36555656,0.58749828,0.13104140,0.08574766,0.16604245,0.30057916,0.18021645,0.00000000,0.32342515,0.25618070,0.23110763,0.39085919,0.28858842,0.11876245,0.30610857,0.44128806,0.25874932,0.71736180,0.37496669,0.75546701,0.42885344,0.33450110,0.50047355,0.34269663,0.43732501,0.79815846,0.63151620,0.34496023,0.27547548,0.35766671,0.41208332,0.57136014
0.57143316,0.61417953,0.74897738,0.63942252,0.88359390,0.57199214,0.58135087,0.54834832,0.43714296,0.36100174,0.32319055,0.39273218,0.25022888,0.15168030,0.28572042,0.22245110,0.17758650,0.34704906,0.38592451,0.27273236,0.46597323,0.61412851,0.22783681,0.11190416,0.41218706,0.26362880,0.21272516,0.08163928,0.68892360,0.27210295,0.42530171,0.26799834,0.16559403,0.58428263,0.43125814,0.32342515,0.00000000,0.12516969,0.42662648,0.65801660,0.18795238,0.22055764,0.47623514,0.15923033,0.48211739,0.41916288,0.34945220,0.47076096,0.62231539,0.25678343,0.28787009,0.66200045,0.63566162,0.52700886,0.31310020,0.24665016,0.10717309,0.44013281,0.59421351,0.77988202
0.65138812,0.65439599,0.74748240,0.75176320,0.85993619,0.64750025,0.67620652,0.58437951,0.50027701,0.43149514,0.36039049,0.39411775,0.36804541,0.26374683,0.37112661,0.28894252,0.29883018,0.33256883,0.33363470,0.21481195,0.38515146,0.55237490,0.22693215,0.23686050,0.33513549,0.37331413,0.30316271,0.20165253,0.61003550,0.34191784,0.33032865,0.17999010,0.15026812,0.47711194,0.32251352,0.25618070,0.12516969,0.00000000,0.30761707,0.54424157,0.07400334,0.13773774,0.35273664,0.18727390,0.36474035,0.46216761,0.23580627,0.49931272,0.49847222,0.14800669,0.25485148,0.57342741,0.51203907,0.54335215,0.38802921,0.14416177,0.02288806,0.31582137,0.46992805,0.65600069
0.82076276,0.73585619,0.71899868,0.99238567,0.76430480,0.80749062,0.87705831,0.66674250,0.65291279,0.60995811,0.49663116,0.44859896,0.64010634,0.53555523,0.58632189,0.49467863,0.58239111,0.37972808,0.28900484,0.25530296,0.22211921,0.39707021,0.36337013,0.53310304,0.21432218,0.68078377,0.60659221,0.49078342,0.39444948,0.63358302,0.14474546,0.19586715,0.33124853,0.19170650,0.07513406,0.23110763,0.42662648,0.30761707,0.00000000,0.24032459,0.27985851,0.23092983,0.07513406,0.47232626,0.05846858,0.72295246,0.24642455,0.74038535,0.20776145,0.27012275,0.45991159,0.33395378,0.21888171,0.76412351,0.68060757,0.28883010,0.32992236,0.15787664,0.18593930,0.36162900
0.96214723,0.82719342,0.73158114,1.17205764,0.71498556,0.94383025,1.03518705,0.76636165,0.79741241,0.77312482,0.65192850,0.56806994,0.85018714,0.74986506,0.77061596,0.68335913,0.80053749,0.51376617,0.40271808,0.43547944,0.28105156,0.36333473,0.54562332,0.75932785,0.31904500,0.91714513,0.84571842,0.71473491,0.28745944,0.87390762,0.25981919,0.40065751,0.53748854,0.09486065,0.22847295,0.39085919,0.65801660,0.54424157,0.24032459,0.00000000,0.52018310,0.44530150,0.22847295,0.71265085,0.18185601,0.95971403,0.46367105,0.97291378,0.16856249,0.50590021,0.69238435,0.21486842,0.16111163,0.99109814,0.92093217,0.52506428,0.56693961,0.33909327,0.18741259,0.22026602
0.72504232,0.72167327,0.80080112,0.82313060,0.90260657,0.72080887,0.75012378,0.65105571,0.57256124,0.50480665,0.42954623,0.45318366,0.43672541,0.33406905,0.44512634,0.36255692,0.36530677,0.38769534,0.37081532,0.25655437,0.40047920,0.57716112,0.29102577,0.29883018,0.35562278,0.41136960,0.33032865,0.26843341,0.62139133,0.35372451,0.33513549,0.20416442,0.21601237,0.46330044,0.31146376,0.28858842,0.18795238,0.07400334,0.27985851,0.52018310,0.00000000,0.17347735,0.31146376,0.19246775,0.33832709,0.45200775,0.16327855,0.47939672,0.45378481,0.07400334,0.21249121,0.57724414,0.46802811,0.51530137,0.40074906,0.07142857,0.08298291,0.25618070,0.42368685,0.61003550
0.61334423,0.57144691,0.62930974,0.76424954,0.72944811,0.60384021,0.65862860,0.50002095,0.44915581,0.39464732,0.29404491,0.28986823,0.41019289,0.30682199,0.35979963,0.26793296,0.35597369,0.22060766,0.19859273,0.08319550,0.25031601,0.41463739,0.14920887,0.31490777,0.19867738,0.48418643,0.42694956,0.26972144,0.47536523,0.47417465,0.20474407,0.04744070,0.10082626,0.36637285,0.21684597,0.11876245,0.22055764,0.13773774,0.23092983,0.44530150,0.17347735,0.00000000,0.29637561,0.32407261,0.27922075,0.59969428,0.28636883,0.63682933,0.43823654,0.22840773,0.38344022,0.44336956,0.44970218,0.67946600,0.51920763,0.23580627,0.15775480,0.30770384,0.41461732,0.59248325
0.89452814,0.81081043,0.78791773,1.06048348,0.82411924,0.88163505,0.94901973,0.74180233,0.72683863,0.68220633,0.57027000,0.52372535,0.70082848,0.59530944,0.65520391,0.56331664,0.63976104,0.45483149,0.36333473,0.32848975,0.28787009,0.45413895,0.43469922,0.58583927,0.28636883,0.72148708,0.64177794,0.54562332,0.43517423,0.66075931,0.21428571,0.26582460,0.39718546,0.21049664,0.14285714,0.30610857,0.47623514,0.35273664,0.07513406,0.22847295,0.31146376,0.29637561,0.00000000,0.50075103,0.07961516,0.73547840,0.23520322,0.74581137,0.14618742,0.28381190,0.46597323,0.36857062,0.15942676,0.76272197,0.70752656,0.30316271,0.37377857,0.11530151,0.11942844,0.30369602
0.71751900,0.77298322,0.90426278,0.74640571,1.03157831,0.72066996,0.71522386,0.70750568,0.59246418,0.51489993,0.48237638,0.54692446,0.36196468,0.28636883,0.43461076,0.38008279,0.28787009,0.49539906,0.51530137,0.39644449,0.57241727,0.73802799,0.37821296,0.21486842,0.52226494,0.24036029,0.14837097,0.21648716,0.79723420,0.16125676,0.51580783,0.36725112,0.30691627,0.65414038,0.50075103,0.44128806,0.15923033,0.18727390,0.47232626,0.71265085,0.19246775,0.32407261,0.50075103,0.00000000,0.53079484,0.27618745,0.30682199,0.31904500,0.63934394,0.22353779,0.14712137,0.75932785,0.65395501,0.37081532,0.20828132,0.20529461,0.16634530,0.42956867,0.60835522,0.79312503
0.85108529,0.75205364,0.71467946,1.03383242,0.74550596,0.83636098,0.91223061,0.68457718,0.68311704,0.64522868,0.52858762,0.46921079,0.68940047,0.58583927,0.62767938,0.53679683,0.63398934,0.40335780,0.30336060,0.29125124,0.21428571,0.37522108,0.40213196,0.58711082,0.22111145,0.73805255,0.66468967,0.54398379,0.35666189,0.69205160,0.14712137,0.23969146,0.37773350,0.13916368,0.07961516,0.25874932,0.48211739,0.36474035,0.05846858,0.18185601,0.33832709,0.27922075,0.07961516,0.53079484,0.00000000,0.78035370,0.29601271,0.79653130,0.17012661,0.32687598,0.51580783,0.29153324,0.17870528,0.81864302,0.73907615,0.34578499,0.38721117,0.19027002,0.15515922,0.31643328
0.90959333,1.00873315,1.16627405,0.85737075,1.30244643,0.91922481,0.88011026,0.94878640,0.81518657,0.73647290,0.73217202,0.81147087,0.53056710,0.49906635,0.64942103,0.61988822,0.47345291,0.76553437,0.79131411,0.67257074,0.84622382,1.01406644,0.64661424,0.41975790,0.79713378,0.28894252,0.23921426,0.44601425,1.07020853,0.16140118,0.78578565,0.64180276,0.57928843,0.91212832,0.76272197,0.71736180,0.41916288,0.46216761,0.72295246,0.95971403,0.45200775,0.59969428,0.73547840,0.27618745,0.78035370,0.00000000,0.50790678,0.07142857,0.85955056,0.45384590,0.27153558,1.02881427,0.87453184,0.14285714,0.14559260,0.43474692,0.44201583,0.64148980,0.82771536,1.00254777
0.88096785,0.85747679,0.90264685,0.98639463,0.97886631,0.87498984,0.91085360,0.78607856,0.72349424,0.65980047,0.57362461,0.57548971,0.59931426,0.49726314,0.60519808,0.51963388,0.52700886,0.50512684,0.45652801,0.36248551,0.44132345,0.62459449,0.42922736,0.45838908,0.41166874,0.54562332,0.45517684,0.43070538,0.63809000,0.45576022,0.36311316,0.29341738,0.36088131,0.43511721,0.31005948,0.37496669,0.34945220,0.23580627,0.24642455,0.46367105,0.16327855,0.28636883,0.23520322,0.30682199,0.29601271,0.50790678,0.00000000,0.51290481,0.35164378,0.09310297,0.23637120,0.57994395,0.36662505,0.52761488,0.50063202,0.10655404,0.24623908,0.13358302,0.31980857,0.49725021
0.97719550,1.07009046,1.21973201,0.92878180,1.35052498,0.98616696,0.94981318,1.00873315,0.87844863,0.79958183,0.78918348,0.86326107,0.59835780,0.56159928,0.71307950,0.67881663,0.53896585,0.81398617,0.83216858,0.71307352,0.87875890,1.05112385,0.69601473,0.48199496,0.83159167,0.35973066,0.30485693,0.50502590,1.10076012,0.22706948,0.81447987,0.67663073,0.62585743,0.93150006,0.78578565,0.75546701,0.47076096,0.49931272,0.74038535,0.97291378,0.47939672,0.63682933,0.74581137,0.31904500,0.79653130,0.07142857,0.51290481,0.00000000,0.86251331,0.47040645,0.28077324,1.05573730,0.87744400,0.07142857,0.21611897,0.45200775,0.48072058,0.64545427,0.83079164,1.00000000
1.02121185,0.91765529,0.85988874,1.19997099,0.86565510,1.00643624,1.08167936,0.85131915,0.85324129,0.81453878,0.69854517,0.63784306,0.84570173,0.74046093,0.79379299,0.70226828,0.78555073,0.57299283,0.47057588,0.45982732,0.36889825,0.50051412,0.56971194,0.73202662,0.38617424,0.86502674,0.78311332,0.69171558,0.44535194,0.79733819,0.31289195,0.40345194,0.53881923,0.21598621,0.24937339,0.42885344,0.62231539,0.49847222,0.20776145,0.16856249,0.45378481,0.43823654,0.14618742,0.63934394,0.17012661,0.85955056,0.35164378,0.86251331,0.00000000,0.41751616,0.58801498,0.37233851,0.01498127,0.87134111,0.84364389,0.43659424,0.51923070,0.21806076,0.03183521,0.15756930
0.79876106,0.79015410,0.85719771,0.89492628,0.94913644,0.79424636,0.82405649,0.71916663,0.64523534,0.57829443,0.50009160,0.51611535,0.50690605,0.40570291,0.51912710,0.43630294,0.43422528,0.44829267,0.41791012,0.31056256,0.42822718,0.60997120,0.35895234,0.36530677,0.38932290,0.45830061,0.37051233,0.33823400,0.64114278,0.37985160,0.35562278,0.24884287,0.28582367,0.46109844,0.31773788,0.33450110,0.25678343,0.14800669,0.27012275,0.50590021,0.07400334,0.22840773,0.28381190,0.22353779,0.32687598,0.45384590,0.09310297,0.47040645,0.41751616,0.00000000,0.19054853,0.59038597,0.43228417,0.49678208,0.42612902,0.01935081,0.15556816,0.20607510,0.38618871,0.57000237
0.85777309,0.89579561,1.00220714,0.89335397,1.11244595,0.85927882,0.86014359,0.82770939,0.72451321,0.64882614,0.60100796,0.64755192,0.50876835,0.42886308,0.57262759,0.50892286,0.43430358,0.58733330,0.58193912,0.46538143,0.61090144,0.78927076,0.47842853,0.36076276,0.56756824,0.36582598,0.27057857,0.35716959,0.82856236,0.24287739,0.54190559,0.41658167,0.40201215,0.65132381,0.50788521,0.50047355,0.28787009,0.25485148,0.45991159,0.69238435,0.21249121,0.38344022,0.46597323,0.14712137,0.51580783,0.27153558,0.23637120,0.28077324,0.58801498,0.19054853,0.00000000,0.77988202,0.60299625,0.30682199,0.28226578,0.17276108,0.24322460,0.36995422,0.55617978,0.73195796
0.82834804,0.66142978,0.52939431,1.06918417,0.50025001,0.80645737,0.91397786,0.60923134,0.67433479,0.66951818,0.55049333,0.44383684,0.80020425,0.71270201,0.69036186,0.61523413,0.76696218,0.41078429,0.30802185,0.39492301,0.19766958,0.16502049,0.48592765,0.74427799,0.25218477,0.92452786,0.87031484,0.69766958,0.07315811,0.91516236,0.24354403,0.39662221,0.50873908,0.16287714,0.27316628,0.34269663,0.66200045,0.57342741,0.33395378,0.21486842,0.57724414,0.44336956,0.36857062,0.75932785,0.29153324,1.02881427,0.57994395,1.05573730,0.37233851,0.59038597,0.77988202,0.00000000,0.36838267,1.08669581,0.96094273,0.60739204,0.59562111,0.48177125,0.38256109,0.43001163
1.02943260,0.92311151,0.86121451,1.21050274,0.86368673,1.01436806,1.09088220,0.85719771,0.86152708,0.82382363,0.70726829,0.64463902,0.85782996,0.75272775,0.80426392,0.71286795,0.79814788,0.58045715,0.47695811,0.46940802,0.37293221,0.50005927,0.57969216,0.74513977,0.39211793,0.87918116,0.79753336,0.70458798,0.44151372,0.81208148,0.31929219,0.41416519,0.55012645,0.21462528,0.25735815,0.43732501,0.63566162,0.51203907,0.21888171,0.16111163,0.46802811,0.44970218,0.15942676,0.65395501,0.17870528,0.87453184,0.36662505,0.87744400,0.01498127,0.43228417,0.60299625,0.36838267,0.00000000,0.88612307,0.85841257,0.45138031,0.53291253,0.23304203,0.04681648,0.14437556
1.04530673,1.13262910,1.27495148,1.00019535,1.40059731,1.05369843,1.01975496,1.07009046,0.94287801,0.86398725,0.84838042,0.91769191,0.66690836,0.62603863,0.77808813,0.73995048,0.60581746,0.86562589,0.87694650,0.75815591,0.91572034,1.09160251,0.74897738,0.54648483,0.87055800,0.43073030,0.37263403,0.56690184,1.13499050,0.29542314,0.84823340,0.71690418,0.67677475,0.95582986,0.81447987,0.79815846,0.52700886,0.54335215,0.76412351,0.99109814,0.51530137,0.67946600,0.76272197,0.37081532,0.81864302,0.14285714,0.52761488,0.07142857,0.87134111,0.49678208,0.30682199,1.08669581,0.88612307,0.00000000,0.28709179,0.47939672,0.52631801,0.65720418,0.83995290,1.00254777
0.76587043,0.87405001,1.04501798,0.71433420,1.19061887,0.77628413,0.73462329,0.81671577,0.67791955,0.59977353,0.60686971,0.69573603,0.38713093,0.36530677,0.51219531,0.49195146,0.33406905,0.65712706,0.69825131,0.58265790,0.76951409,0.92580089,0.53819765,0.28803160,0.71731589,0.14364053,0.10593791,0.32105416,0.99448573,0.04702455,0.71826176,0.56496806,0.47865234,0.86147652,0.70752656,0.63151620,0.31310020,0.38802921,0.68060757,0.92093217,0.40074906,0.51920763,0.70752656,0.20828132,0.73907615,0.14559260,0.50063202,0.21611897,0.84364389,0.42612902,0.28226578,0.96094273,0.85841257,0.28709179,0.00000000,0.40706492,0.36555656,0.62981555,0.81228631,0.99525255
0.79550564,0.79243622,0.86511577,0.88582551,0.96012576,0.79164909,0.81843054,0.72167327,0.64386417,0.57563910,0.50083579,0.52125038,0.49684156,0.39688852,0.51426063,0.43309349,0.42351789,0.45434582,0.42827837,0.31864468,0.44282940,0.62388894,0.36140609,0.35357285,0.40271808,0.44128806,0.35273664,0.32828461,0.65730173,0.36086434,0.37124924,0.25921673,0.28701155,0.47953458,0.33513549,0.34496023,0.24665016,0.14416177,0.28883010,0.52506428,0.07142857,0.23580627,0.30316271,0.20529461,0.34578499,0.43474692,0.10655404,0.45200775,0.43659424,0.01935081,0.17276108,0.60739204,0.45138031,0.47939672,0.40706492,0.00000000,0.14897075,0.22432661,0.40522145,0.58875556
0.64808975,0.65905883,0.75941604,0.74015664,0.87530546,0.64516448,0.66946108,0.58959635,0.50003896,0.42943736,0.36416331,0.40432909,0.35406377,0.25109249,0.36556710,0.28642627,0.28335319,0.34484368,0.35148533,0.23240406,0.40649553,0.57208584,0.23546011,0.21903940,0.35597369,0.35087628,0.28027466,0.18620594,0.63151620,0.31957057,0.35270993,0.20120382,0.15886448,0.50000000,0.34540158,0.27547548,0.10717309,0.02288806,0.32992236,0.56693961,0.08298291,0.15775480,0.37377857,0.16634530,0.38721117,0.44201583,0.24623908,0.48072058,0.51923070,0.15556816,0.24322460,0.59562111,0.53291253,0.52631801,0.36555656,0.14897075,0.00000000,0.33299720,0.49040907,0.67667726
0.92104066,0.86412847,0.87006507,1.05888298,0.92180419,0.91127673,0.96427572,0.79332911,0.75632643,0.70204873,0.60023898,0.57515152,0.68212835,0.57661968,0.66133537,0.57067071,0.61442865,0.50380449,0.42922736,0.36424486,0.37861001,0.55493793,0.45652801,0.55202800,0.36416331,0.66312708,0.57647140,0.51736766,0.54653688,0.58411404,0.29970827,0.29341738,0.40239493,0.32557244,0.23261721,0.35766671,0.44013281,0.31582137,0.15787664,0.33909327,0.25618070,0.30770384,0.11530151,0.42956867,0.19027002,0.64148980,0.13358302,0.64545427,0.21806076,0.20607510,0.36995422,0.48177125,0.23304203,0.65720418,0.62981555,0.22432661,0.33299720,0.00000000,0.18622555,0.36555656
1.00426150,0.90677392,0.85793371,1.17791107,0.87067941,0.99012294,1.06256010,0.83957847,0.83625276,0.79538572,0.68073250,0.62435032,0.82024240,0.71473761,0.77203614,0.68029126,0.75906944,0.55813579,0.45834639,0.44046938,0.36223920,0.50296313,0.54925913,0.70440863,0.37522108,0.83504441,0.75254355,0.66465521,0.45504091,0.76603936,0.30132004,0.38164157,0.51541397,0.22222911,0.23469017,0.41208332,0.59421351,0.46992805,0.18593930,0.18741259,0.42368685,0.41461732,0.11942844,0.60835522,0.15515922,0.82771536,0.31980857,0.83079164,0.03183521,0.38618871,0.55617978,0.38256109,0.04681648,0.83995290,0.81228631,0.40522145,0.49040907,0.18622555,0.00000000,0.18650480
1.16021065,1.03991498,0.95182635,1.35022284,0.92877304,1.14383368,1.22582399,0.97666379,0.99296900,0.95950306,0.84100434,0.77000653,1.00152839,0.89663243,0.94410653,0.85320458,0.94237494,0.70935843,0.60173436,0.60716442,0.48773468,0.58343831,0.71837569,0.88949641,0.51598740,1.02140287,0.93823606,0.84895175,0.50037431,0.94938489,0.44651330,0.55536705,0.69246259,0.30739583,0.39173430,0.57136014,0.77988202,0.65600069,0.36162900,0.22026602,0.61003550,0.59248325,0.30369602,0.79312503,0.31643328,1.00254777,0.49725021,1.00000000,0.15756930,0.57000237,0.73195796,0.43001163,0.14437556,1.00254777,0.99525255,0.58875556,0.67667726,0.36555656,0.18650480,0.00000000
