0.00000000,0.51754304,0.66592893,0.50515929,0.57895046,0.46010647,0.34990900,0.30291213,0.39335919,0.79178545,0.44434648,0.72735696,0.57563053,0.50226122,0.66406024,0.69658666,0.56543522,0.82511192,0.66711236,0.69885694,0.38577865,0.23503852,0.27892711,0.38161255,0.29341812,0.88352033,0.70399569,0.57585854,0.61113843,0.21575532,0.38163243,0.45685876,0.17037018,0.62333704,0.37186887,0.66815122,0.66369467,0.61713875,0.69346224,0.18982845,0.66063043,0.27229020,0.47869317,0.51280677,0.17251566,0.23063766,0.14262310,0.64166486,0.75612411,0.59754005,0.74462412,0.25803048,0.60214666,0.65547947,0.13104920,0.16750879,0.29437937,0.38902109,0.41052122,0.49397929
0.51754304,0.00000000,0.57447958,0.93894629,0.69503931,0.80733338,0.75716361,0.45708821,0.54161438,0.70936845,0.73741995,0.37421731,0.16424051,0.90911233,0.15654015,0.30379189,0.61645068,0.71108370,0.45486785,0.49103860,0.13999248,0.31217713,0.61434363,0.81812665,0.43238265,0.63638882,0.35912754,0.29103240,0.54771152,0.73129688,0.18780460,0.59586933,0.63086885,0.15314719,0.23267422,0.87860303,0.24175903,0.89390672,0.43448019,0.62410419,0.50103715,0.78967880,0.37585907,0.44317999,0.68672204,0.65271085,0.37660352,0.30919668,0.80999735,0.91165108,0.54424728,0.39432554,0.82974937,0.15102066,0.63785765,0.68391467,0.23466124,0.86615493,0.58363080,0.78104960
0.66592893,0.57447958,0.00000000,0.73887435,0.25277964,0.54936082,0.60093616,0.85012548,0.30385730,0.14114646,0.45933004,0.33258631,0.73858404,0.68084555,0.68305434,0.38616542,0.16985522,0.16202873,0.15708740,0.14434176,0.51422924,0.49050782,0.48607529,0.66977795,0.82621621,0.26361709,0.32145794,0.29420957,0.05575185,0.77988301,0.44467251,0.27533931,0.83625835,0.49730989,0.70580486,0.43837248,0.42744056,0.51559243,0.21076593,0.85440686,0.09190242,0.85475093,0.22291933,0.16295420,0.80011726,0.58442380,0.61668753,0.31686791,0.26271881,0.56763906,0.14031750,0.77150829,0.42679906,0.68525264,0.69529398,0.78655555,0.50649947,1.03738180,0.31632394,0.46846223
0.50515929,0.93894629,0.73887435,0.00000000,0.50355451,0.19017994,0.18190378,0.80195469,0.47131451,0.79545795,0.27954551,0.98109961,1.04284094,0.06323148,1.09548275,0.98883205,0.57016074,0.84488470,0.83970892,0.85301145,0.79989113,0.62995635,0.32843192,0.12556560,0.79578538,1.00243206,0.95964929,0.84728008,0.69197564,0.35859494,0.75699158,0.46966430,0.56494358,0.98918017,0.86007644,0.41643604,0.98616204,0.30717652,0.88988008,0.59961991,0.79452672,0.38621437,0.69095706,0.67020405,0.44393970,0.29290316,0.62225299,0.91272378,0.63970889,0.24488589,0.87274154,0.76315027,0.37156870,1.08962110,0.38528476,0.42976260,0.70867707,0.58974503,0.44012352,0.27751392
0.57895046,0.69503931,0.25277964,0.50355451,0.00000000,0.31433372,0.39502356,0.83340312,0.19442182,0.29211063,0.23130699,0.56027898,0.84874899,0.44238495,0.83286949,0.59687002,0.09299741,0.34133896,0.38976729,0.38939082,0.59063014,0.49010536,0.32493865,0.45636233,0.81358861,0.50938329,0.54401307,0.47134093,0.22029267,0.62574510,0.52078780,0.12572300,0.73837693,0.66692889,0.75189662,0.19790647,0.62137198,0.26317291,0.44553335,0.76434522,0.33006927,0.69658545,0.32656482,0.26737117,0.66933481,0.42058927,0.58642112,0.51903058,0.17868922,0.31512575,0.39306590,0.76092878,0.17497972,0.83195681,0.56061067,0.65354945,0.54127955,0.90106299,0.16889683,0.22628640
0.46010647,0.80733338,0.54936082,0.19017994,0.31433372,0.00000000,0.12743481,0.76144576,0.29657977,0.60644429,0.09100002,0.80436223,0.92986338,0.13163988,0.96239151,0.81869965,0.38023102,0.65555044,0.65571043,0.66692938,0.67321233,0.51389988,0.20356549,0.16009552,0.74949835,0.81275798,0.78376163,0.67803934,0.50350529,0.39685635,0.62006631,0.28406939,0.57267894,0.83665345,0.76957637,0.26144873,0.82254802,0.17213960,0.70740351,0.60563011,0.60784290,0.45278855,0.51897712,0.49044113,0.46784495,0.23114420,0.54321546,0.74091926,0.46020982,0.13833960,0.68444281,0.70721494,0.20313142,0.95789549,0.37453259,0.45135918,0.58982466,0.66829534,0.26052701,0.09075659
0.34990900,0.75716361,0.60093616,0.18190378,0.39502356,0.12743481,0.00000000,0.65275556,0.30991922,0.68049489,0.16928507,0.81316205,0.86379626,0.15806281,0.91370373,0.81553270,0.44020806,0.72703718,0.68277570,0.70037237,0.61829858,0.44910100,0.14819232,0.07126115,0.64310770,0.86239688,0.79102646,0.67422156,0.54937939,0.26954146,0.57514789,0.32562392,0.44856501,0.80881162,0.68690797,0.38349185,0.80934248,0.29951178,0.72980983,0.48208244,0.64418812,0.32743947,0.52141455,0.50907175,0.34094447,0.12112743,0.45169809,0.74100234,0.55940824,0.26235959,0.72664123,0.60483854,0.32113070,0.90791787,0.25139002,0.32452958,0.52772307,0.54262290,0.28659345,0.20036581
0.30291213,0.45708821,0.85012548,0.80195469,0.83340312,0.76144576,0.65275556,0.00000000,0.63899533,0.98898210,0.73748744,0.79049832,0.42063712,0.80360438,0.55418523,0.73430609,0.79622529,1.01130426,0.79728145,0.83422521,0.38801340,0.36086412,0.57077188,0.68103829,0.02590231,1.01238447,0.76996139,0.65789629,0.80161748,0.46776886,0.43533319,0.70772156,0.27398406,0.60541912,0.22604235,0.95296516,0.68098456,0.91300073,0.80351657,0.24718222,0.81456135,0.48896398,0.63077990,0.68719847,0.38703416,0.53341153,0.24704368,0.70825397,1.00119583,0.89783571,0.88732672,0.07895344,0.88836043,0.54306926,0.41689987,0.39528045,0.35090647,0.46747464,0.66771545,0.78799998
0.39335919,0.54161438,0.30385730,0.47131451,0.19442182,0.29657977,0.30991922,0.63899533,0.00000000,0.41020919,0.21089355,0.51004249,0.68388774,0.42211222,0.69075353,0.52212618,0.17308257,0.44988022,0.37286981,0.39092953,0.42112704,0.29996232,0.18267219,0.38102451,0.61917888,0.55833024,0.48886100,0.38152827,0.24903539,0.47797191,0.35634873,0.06890634,0.55882319,0.54804628,0.56599673,0.34400588,0.52720980,0.35269374,0.42055355,0.58214119,0.33583185,0.55250195,0.22240357,0.19981975,0.50543965,0.28057192,0.39200029,0.44446545,0.36580774,0.37583020,0.41988657,0.56661536,0.28990781,0.68787293,0.39789448,0.49086896,0.35847679,0.74240572,0.04209942,0.24649679
0.79178545,0.70936845,0.14114646,0.79545795,0.29211063,0.60644429,0.68049489,0.98898210,0.41020919,0.00000000,0.52217348,0.42588143,0.87358499,0.73391453,0.80897876,0.49133853,0.24383300,0.05067285,0.26569141,0.23716417,0.65482065,0.62847564,0.58504287,0.74505539,0.96535169,0.25261387,0.42086101,0.42235508,0.18743281,0.88662323,0.58560086,0.36416075,0.96126844,0.62013658,0.84689708,0.43502809,0.54139961,0.53224667,0.30816407,0.98144298,0.20955326,0.96055116,0.36399483,0.30241646,0.91539015,0.68461778,0.75246456,0.43195376,0.20487982,0.59245252,0.19954022,0.91060070,0.44487317,0.81211929,0.80809271,0.90096526,0.64723514,1.15254007,0.41116755,0.51796905
0.44434648,0.73741995,0.45933004,0.27954551,0.23130699,0.09100002,0.16928507,0.73748744,0.21089355,0.52217348,0.00000000,0.71518911,0.86781293,0.22247019,0.89067184,0.73173618,0.29090641,0.57048987,0.56489704,0.57593066,0.60724903,0.45694104,0.16681837,0.22581905,0.72292230,0.72290157,0.69487965,0.59182321,0.41280248,0.42566507,0.54962602,0.19325982,0.57782089,0.75685428,0.72046052,0.22888287,0.73809829,0.17622470,0.61683230,0.60872499,0.51684903,0.49014543,0.43234773,0.40087041,0.48554987,0.23210559,0.50551626,0.65352441,0.39038250,0.17601032,0.59371128,0.67674370,0.16290275,0.88682949,0.38251797,0.46897463,0.52940714,0.70300851,0.17254677,0.05066325
0.72735696,0.37421731,0.33258631,0.98109961,0.56027898,0.80436223,0.81316205,0.79049832,0.51004249,0.42588143,0.71518911,0.00000000,0.52228487,0.93193890,0.41864186,0.07681502,0.46736962,0.40640966,0.17593395,0.19242173,0.40250105,0.49512282,0.66986599,0.88414501,0.76459823,0.27268188,0.02350051,0.15193817,0.34382863,0.90612894,0.36421358,0.52431751,0.88390437,0.23562958,0.58539438,0.75687642,0.14048122,0.81724391,0.12210755,0.88967841,0.24099682,0.97802390,0.29177206,0.31444328,0.89429892,0.75081524,0.61900789,0.08622931,0.59435839,0.85933952,0.22710047,0.71581788,0.73254214,0.42489139,0.80911226,0.88527965,0.45804875,1.11523135,0.54391237,0.74081905
0.57563053,0.16424051,0.73858404,1.04284094,0.84874899,0.92986338,0.86379626,0.42063712,0.68388774,0.87358499,0.86781293,0.52228487,0.00000000,1.02032001,0.14608471,0.44738275,0.77392984,0.87478066,0.61769017,0.65337382,0.26287522,0.41684898,0.72939910,0.91844863,0.40055332,0.79121887,0.51017755,0.45413953,0.71082906,0.79025278,0.32909970,0.74291255,0.65085411,0.28740106,0.21299346,1.02614718,0.38294809,1.03210576,0.59437034,0.63563384,0.66507769,0.83824725,0.53611325,0.60404103,0.73107852,0.75042734,0.43517032,0.46620164,0.97102939,1.04374153,0.70598068,0.38123231,0.97379508,0.13467250,0.70508907,0.73196279,0.34004029,0.87477985,0.72519520,0.91419736
0.50226122,0.90911233,0.68084555,0.06323148,0.44238495,0.13163988,0.15806281,0.80360438,0.42211222,0.73391453,0.22247019,0.93193890,1.02032001,0.00000000,1.06546530,0.94297877,0.51148919,0.78354390,0.78629419,0.79817786,0.77142343,0.60434370,0.29479738,0.12496626,0.79546571,0.94411902,0.91091412,0.80165588,0.63514313,0.38012635,0.72446889,0.41491663,0.58029360,0.95112671,0.84497042,0.35405041,0.94331730,0.24568112,0.83744012,0.61481525,0.73922746,0.41779590,0.64375534,0.61910680,0.46269307,0.27804998,0.60945378,0.86597788,0.57652137,0.18491358,0.81607926,0.75937063,0.30836441,1.06012273,0.39116211,0.44747333,0.68261435,0.62772131,0.38853465,0.21609865
0.66406024,0.15654015,0.68305434,1.09548275,0.83286949,0.96239151,0.91370373,0.55418523,0.69075353,0.80897876,0.89067184,0.41864186,0.14608471,1.06546530,0.00000000,0.34183595,0.74932787,0.80239562,0.54430914,0.57664790,0.29605057,0.46791131,0.77067070,0.97452521,0.53215065,0.69130271,0.41140141,0.38887469,0.66526908,0.87943740,0.34234140,0.74131060,0.76273566,0.18990726,0.33292704,1.02181668,0.27946679,1.04341561,0.51054440,0.75171497,0.60009505,0.93457465,0.50721322,0.57133655,0.82953561,0.80877548,0.52156125,0.38057184,0.93273511,1.06381492,0.62549180,0.50505784,0.97595531,0.01148544,0.78801916,0.82809541,0.38975754,0.99376329,0.73284980,0.93320045
0.69658666,0.30379189,0.38616542,0.98883205,0.59687002,0.81869965,0.81553270,0.73430609,0.52212618,0.49133853,0.73173618,0.07681502,0.44738275,0.94297877,0.34183595,0.00000000,0.50419988,0.47575402,0.23038777,0.25438604,0.34861385,0.46169154,0.66908729,0.88565678,0.70849320,0.34949678,0.07212141,0.14155723,0.38838847,0.88556156,0.32086479,0.54584696,0.84663864,0.16005073,0.52268416,0.79475505,0.06446492,0.84688308,0.18317565,0.84977905,0.29468297,0.95553417,0.29972317,0.33720865,0.86675675,0.74327850,0.57915607,0.07894707,0.64875823,0.88465002,0.29562511,0.66171963,0.76499805,0.34808011,0.78777014,0.85891221,0.41491476,1.08091241,0.55918989,0.76164659
0.56543522,0.61645068,0.16985522,0.57016074,0.09299741,0.38023102,0.44020806,0.79622529,0.17308257,0.24383300,0.29090641,0.46736962,0.77392984,0.51148919,0.74932787,0.50419988,0.00000000,0.28807074,0.29783896,0.29957683,0.52114057,0.44115050,0.34159425,0.50700433,0.77476285,0.43264527,0.45102022,0.38065850,0.13003506,0.64406274,0.44988053,0.12045103,0.73178450,0.57891989,0.69333993,0.29062388,0.53004353,0.35301927,0.35342777,0.75470911,0.23978655,0.71759357,0.24227441,0.17898966,0.67675295,0.44109659,0.55050204,0.42660779,0.20767423,0.40123463,0.30814568,0.72077496,0.26620528,0.74901740,0.56849166,0.66184007,0.48244176,0.91296532,0.16803702,0.29860941
0.82511192,0.71108370,0.16202873,0.84488470,0.34133896,0.65555044,0.72703718,1.01130426,0.44988022,0.05067285,0.57048987,0.40640966,0.87478066,0.78354390,0.80239562,0.47575402,0.28807074,0.00000000,0.25871581,0.22580361,0.66613539,0.65227623,0.62749240,0.79235988,0.98720954,0.20862587,0.40403999,0.42084215,0.21468706,0.92761312,0.59859720,0.40758481,0.99518110,0.61260292,0.86039519,0.48533340,0.52947370,0.58291437,0.29414110,1.01425183,0.21099133,1.00190429,0.38163451,0.32461355,0.95357200,0.72703977,0.77871626,0.42232505,0.25248857,0.64310527,0.18013103,0.93256091,0.49553517,0.80621779,0.84703307,0.93945091,0.66555699,1.19096306,0.45372232,0.56749426
0.66711236,0.45486785,0.15708740,0.83970892,0.38976729,0.65571043,0.68277570,0.79728145,0.37286981,0.26569141,0.56489704,0.17593395,0.61769017,0.78629419,0.54430914,0.23038777,0.29783896,0.25871581,0.00000000,0.03772525,0.42637782,0.45537928,0.54876007,0.75389416,0.77196154,0.21878536,0.16438357,0.16385201,0.17019129,0.81738793,0.36533458,0.37165034,0.83444685,0.35488589,0.62246532,0.58430800,0.27635966,0.65065011,0.05589708,0.84680017,0.06521381,0.89187631,0.18881197,0.17487251,0.82123312,0.63978966,0.58656156,0.16634847,0.41963225,0.69668891,0.09227913,0.71869839,0.56402674,0.54787012,0.72456029,0.80977137,0.44654215,1.05363199,0.39998751,0.58449166
0.69885694,0.49103860,0.14434176,0.85301145,0.38939082,0.66692938,0.70037237,0.83422521,0.39092953,0.23716417,0.57593066,0.19242173,0.65337382,0.79817786,0.57664790,0.25438604,0.29957683,0.22580361,0.03772525,0.00000000,0.46410020,0.49033977,0.56983056,0.77120786,0.80895762,0.18490585,0.18480823,0.20030809,0.16957991,0.84421143,0.40285991,0.38343880,0.86696529,0.38681531,0.66019009,0.58045151,0.30472869,0.65213454,0.07142264,0.88001556,0.05992546,0.91893689,0.22021625,0.19753720,0.85065191,0.66279106,0.62151748,0.19657369,0.40299302,0.70066843,0.05457252,0.75556928,0.56436131,0.58057806,0.75246570,0.83884975,0.48337588,1.08415938,0.41518598,0.59254483
0.38577865,0.13999248,0.51422924,0.79989113,0.59063014,0.67321233,0.61829858,0.38801340,0.42112704,0.65482065,0.60724903,0.40250105,0.26287522,0.77142343,0.29605057,0.34861385,0.52114057,0.66613539,0.42637782,0.46410020,0.00000000,0.17219770,0.47704004,0.67852218,0.36211165,0.63347064,0.38197391,0.27423907,0.47680323,0.59657119,0.07169283,0.48112113,0.51398866,0.24156622,0.19613090,0.76400632,0.30009093,0.76956432,0.42340932,0.51210913,0.45712714,0.65773927,0.29517098,0.36255735,0.55741567,0.51278540,0.24939514,0.32057982,0.72430279,0.78280808,0.51860492,0.31367180,0.71102178,0.28984025,0.50160897,0.55324088,0.09531605,0.75073017,0.46234781,0.65274834
0.23503852,0.31217713,0.49050782,0.62995635,0.49010536,0.51389988,0.44910100,0.36086412,0.29996232,0.62847564,0.45694104,0.49512282,0.41684898,0.60434370,0.46791131,0.46169154,0.44115050,0.65227623,0.45537928,0.49033977,0.17219770,0.00000000,0.31256460,0.50747988,0.33775315,0.67414707,0.47196733,0.34497396,0.44104488,0.43416601,0.14907852,0.36766842,0.38909310,0.39488678,0.26779136,0.63947769,0.42916924,0.62770428,0.47330624,0.39670136,0.46241119,0.49998665,0.27565978,0.32766326,0.40634591,0.34095559,0.13119165,0.40899704,0.64845234,0.63256158,0.54079971,0.28305900,0.58043185,0.46136468,0.33706083,0.39951696,0.07873786,0.62043755,0.33636408,0.50537272
0.27892711,0.61434363,0.48607529,0.32843192,0.32493865,0.20356549,0.14819232,0.57077188,0.18267219,0.58504287,0.16681837,0.66986599,0.72939910,0.29479738,0.77067070,0.66908729,0.34159425,0.62749240,0.54876007,0.56983056,0.47704004,0.31256460,0.00000000,0.21691052,0.55649693,0.74058316,0.64735688,0.52816768,0.43156305,0.30325279,0.42990746,0.22117406,0.42216381,0.66092551,0.56602892,0.38939567,0.66147757,0.34230883,0.59274119,0.45110220,0.51656113,0.37619635,0.37852392,0.37388917,0.34467754,0.09958560,0.34227498,0.59555577,0.50283354,0.33206199,0.60144838,0.51108138,0.32329444,0.76536123,0.23623529,0.32876759,0.38988237,0.57646654,0.17389690,0.21724388
0.38161255,0.81812665,0.66977795,0.12556560,0.45636233,0.16009552,0.07126115,0.68103829,0.38102451,0.74505539,0.22581905,0.88414501,0.91844863,0.12496626,0.97452521,0.88565678,0.50700433,0.79235988,0.75389416,0.77120786,0.67852218,0.50747988,0.21691052,0.00000000,0.67378782,0.93193091,0.86194766,0.74449498,0.61884049,0.25818102,0.63865914,0.39452036,0.45554649,0.87529755,0.73452285,0.42112659,0.87830588,0.32542964,0.80105271,0.49002193,0.71476813,0.30309003,0.59237487,0.58030033,0.33897888,0.16802679,0.49669597,0.81150372,0.61446043,0.27680115,0.79683170,0.63957571,0.36313546,0.96834900,0.26667136,0.32348779,0.58619317,0.51735059,0.35681501,0.24669930
0.29341812,0.43238265,0.82621621,0.79578538,0.81358861,0.74949835,0.64310770,0.02590231,0.61917888,0.96535169,0.72292230,0.76459823,0.40055332,0.79546571,0.53215065,0.70849320,0.77476285,0.98720954,0.77196154,0.80895762,0.36211165,0.33775315,0.55649693,0.67378782,0.00000000,0.98684109,0.74405912,0.63210313,0.77806239,0.46735981,0.40964486,0.68800902,0.27968435,0.58019295,0.20223821,0.93641016,0.65531958,0.89879290,0.77787459,0.25508641,0.78975305,0.49240756,0.60637417,0.66334343,0.38862602,0.52301780,0.22732794,0.68235801,0.98026781,0.88519282,0.86214514,0.05475692,0.87214838,0.52111185,0.41168650,0.39590201,0.32575331,0.48172335,0.64870892,0.77352539
0.88352033,0.63638882,0.26361709,1.00243206,0.50938329,0.81275798,0.86239688,1.01238447,0.55833024,0.25261387,0.72290157,0.27268188,0.79121887,0.94411902,0.69130271,0.34949678,0.43264527,0.20862587,0.21878536,0.18490585,0.63347064,0.67414707,0.74058316,0.93193091,0.98684109,0.00000000,0.28173411,0.35966317,0.31309042,1.02378680,0.57765479,0.53757715,1.05183409,0.50697087,0.82765486,0.67843401,0.41274136,0.76742966,0.21007376,1.06490479,0.22694143,1.09873614,0.40504359,0.37663768,1.03351865,0.83655287,0.80531978,0.32724225,0.45715314,0.82339686,0.14089558,0.93422709,0.67833142,0.69756929,0.93369930,1.02136421,0.66270332,1.26794290,0.57612070,0.73063685
0.70399569,0.35912754,0.32145794,0.95964929,0.54401307,0.78376163,0.79102646,0.76996139,0.48886100,0.42086101,0.69487965,0.02350051,0.51017755,0.91091412,0.41140141,0.07212141,0.45102022,0.40403999,0.16438357,0.18480823,0.38197391,0.47196733,0.64735688,0.86194766,0.74405912,0.28173411,0.00000000,0.12845928,0.32943795,0.88264950,0.34211188,0.50467008,0.86084279,0.22527334,0.56672077,0.74114834,0.13193636,0.79952314,0.11341420,0.86681091,0.22955860,0.95452776,0.26962427,0.29453402,0.87083257,0.72782058,0.59623921,0.06344796,0.58399400,0.84071956,0.22393925,0.69490673,0.71541425,0.41712881,0.78562024,0.86179614,0.43575361,1.09196664,0.52324111,0.72126265
0.57585854,0.29103240,0.29420957,0.84728008,0.47134093,0.67803934,0.67422156,0.65789629,0.38152827,0.42235508,0.59182321,0.15193817,0.45413953,0.80165588,0.38887469,0.14155723,0.38065850,0.42084215,0.16385201,0.20030809,0.27423907,0.34497396,0.52816768,0.74449498,0.63210313,0.35966317,0.12845928,0.00000000,0.27987555,0.75479251,0.22333820,0.40890151,0.73406638,0.20427114,0.46800259,0.66845786,0.15066361,0.71321591,0.15001600,0.74103438,0.21280327,0.82639309,0.15952077,0.20494557,0.74237810,0.60449510,0.47130902,0.06860635,0.54791914,0.74812755,0.25407641,0.58092913,0.63392146,0.39123425,0.65758021,0.73334185,0.31447838,0.96418632,0.41939070,0.62327177
0.61113843,0.54771152,0.05575185,0.69197564,0.22029267,0.50350529,0.54937939,0.80161748,0.24903539,0.18743281,0.41280248,0.34382863,0.71082906,0.63514313,0.66526908,0.38838847,0.13003506,0.21468706,0.17019129,0.16957991,0.47680323,0.44104488,0.43156305,0.61884049,0.77806239,0.31309042,0.32943795,0.27987555,0.00000000,0.72430832,0.40597968,0.22458710,0.78139843,0.48400702,0.66506846,0.41412301,0.42248696,0.48263726,0.22608797,0.79993998,0.10990825,0.79920289,0.18183011,0.11648032,0.74439129,0.52955470,0.56545784,0.31395854,0.26813566,0.53124456,0.18094005,0.72330647,0.39511958,0.66658140,0.63954511,0.73081267,0.46181960,0.98167453,0.26348300,0.42566656
0.21575532,0.73129688,0.77988301,0.35859494,0.62574510,0.39685635,0.26954146,0.46776886,0.47797191,0.88662323,0.42566507,0.90612894,0.79025278,0.38012635,0.87943740,0.88556156,0.64406274,0.92761312,0.81738793,0.84421143,0.59657119,0.43416601,0.30325279,0.25818102,0.46735981,1.02378680,0.88264950,0.75479251,0.72430832,0.00000000,0.58320350,0.52392145,0.20904923,0.82889846,0.58321441,0.65027186,0.85989785,0.56899403,0.85298577,0.24344667,0.79685788,0.07502066,0.63152780,0.64757345,0.08629065,0.20522365,0.35833667,0.82294674,0.80158398,0.52868953,0.88291734,0.44732105,0.58606230,0.87097496,0.09789941,0.07401118,0.50260111,0.27772265,0.47602587,0.46518170
0.38163243,0.18780460,0.44467251,0.75699158,0.52078780,0.62006631,0.57514789,0.43533319,0.35634873,0.58560086,0.54962602,0.36421358,0.32909970,0.72446889,0.34234140,0.32086479,0.44988053,0.59859720,0.36533458,0.40285991,0.07169283,0.14907852,0.42990746,0.63865914,0.40964486,0.57765479,0.34211188,0.22333820,0.40597968,0.58320350,0.00000000,0.41393519,0.52611829,0.24632647,0.26180360,0.69724989,0.28268966,0.70751325,0.36828807,0.52891880,0.39132546,0.64892114,0.22417098,0.29121898,0.55389433,0.47680809,0.25836297,0.27884509,0.65265075,0.72403239,0.45696905,0.35787078,0.64589785,0.33786863,0.48595501,0.54767864,0.09427084,0.76123485,0.39810407,0.59347503
0.45685876,0.59586933,0.27533931,0.46966430,0.12572300,0.28406939,0.32562392,0.70772156,0.06890634,0.36416075,0.19325982,0.52431751,0.74291255,0.41491663,0.74131060,0.54584696,0.12045103,0.40758481,0.37165034,0.38343880,0.48112113,0.36766842,0.22117406,0.39452036,0.68800902,0.53757715,0.50467008,0.40890151,0.22458710,0.52392145,0.41393519,0.00000000,0.61962588,0.58898343,0.63248023,0.28333318,0.55842574,0.30665832,0.42366437,0.64424373,0.32486637,0.59727508,0.25085790,0.21019072,0.55881594,0.32065051,0.46077781,0.46699487,0.29957676,0.33923806,0.40413918,0.63550450,0.23465127,0.73915825,0.45017651,0.54362772,0.42349552,0.79418167,0.04843717,0.21660196
0.17037018,0.63086885,0.83625835,0.56494358,0.73837693,0.57267894,0.44856501,0.27398406,0.55882319,0.96126844,0.57782089,0.88390437,0.65085411,0.58029360,0.76273566,0.84663864,0.73178450,0.99518110,0.83444685,0.86696529,0.51398866,0.38909310,0.42216381,0.45554649,0.27968435,1.05183409,0.86084279,0.73406638,0.78139843,0.20904923,0.52611829,0.61962588,0.00000000,0.75552141,0.43789474,0.80649731,0.80761554,0.74090766,0.85832827,0.03467779,0.83012211,0.21645190,0.64679410,0.68285542,0.12286086,0.34673743,0.26794221,0.79769614,0.91683132,0.71022736,0.91362408,0.27551137,0.74027873,0.75282418,0.19820165,0.13564168,0.43291698,0.23674377,0.57208494,0.62437471
0.62333704,0.15314719,0.49730989,0.98918017,0.66692889,0.83665345,0.80881162,0.60541912,0.54804628,0.62013658,0.75685428,0.23562958,0.28740106,0.95112671,0.18990726,0.16005073,0.57891989,0.61260292,0.35488589,0.38681531,0.24156622,0.39488678,0.66092551,0.87529755,0.58019295,0.50697087,0.22527334,0.20427114,0.48400702,0.82889846,0.24632647,0.58898343,0.75552141,0.00000000,0.38384182,0.86142464,0.09558706,0.89553069,0.32074645,0.75304437,0.41207461,0.89339162,0.34174579,0.40009008,0.79578330,0.71811061,0.49037431,0.19067354,0.75212017,0.92356199,0.43562663,0.53855855,0.82140092,0.19428099,0.73194425,0.79059891,0.32898085,0.99226504,0.58923161,0.79453851
0.37186887,0.23267422,0.70580486,0.86007644,0.75189662,0.76957637,0.68690797,0.22604235,0.56599673,0.84689708,0.72046052,0.58539438,0.21299346,0.84497042,0.33292704,0.52268416,0.69333993,0.86039519,0.62246532,0.66019009,0.19613090,0.26779136,0.56602892,0.73452285,0.20223821,0.82765486,0.56672077,0.46800259,0.66506846,0.58321441,0.26180360,0.63248023,0.43789474,0.38384182,0.00000000,0.90717802,0.46527388,0.89355651,0.61789166,0.42327794,0.65250278,0.62773731,0.48370329,0.54896466,0.52025356,0.56815455,0.23842985,0.50821102,0.90036128,0.89463070,0.71471057,0.17217163,0.84819214,0.32220104,0.50284594,0.52202666,0.21114339,0.66369407,0.60353765,0.76986854
0.66815122,0.87860303,0.43837248,0.41643604,0.19790647,0.26144873,0.38349185,0.95296516,0.34400588,0.43502809,0.22888287,0.75687642,1.02614718,0.35405041,1.02181668,0.79475505,0.29062388,0.48533340,0.58430800,0.58045151,0.76400632,0.63947769,0.38939567,0.42112659,0.93641016,0.67843401,0.74114834,0.66845786,0.41412301,0.65027186,0.69724989,0.28333318,0.80649731,0.86142464,0.90717802,0.00000000,0.81878650,0.11125855,0.64020488,0.83711850,0.52242737,0.71087112,0.51973919,0.46377267,0.71360596,0.46095934,0.71227457,0.71693380,0.24303934,0.17633144,0.57696088,0.88733146,0.06629646,1.02016069,0.61136721,0.69700249,0.70197513,0.92578029,0.30438737,0.18521699
0.66369467,0.24175903,0.42744056,0.98616204,0.62137198,0.82254802,0.80934248,0.68098456,0.52720980,0.54139961,0.73809829,0.14048122,0.38294809,0.94331730,0.27946679,0.06446492,0.53004353,0.52947370,0.27635966,0.30472869,0.30009093,0.42916924,0.66147757,0.87830588,0.65531958,0.41274136,0.13193636,0.15066361,0.42248696,0.85989785,0.28268966,0.55842574,0.80761554,0.09558706,0.46527388,0.81878650,0.00000000,0.86354061,0.23534966,0.80864521,0.33799168,0.92797228,0.30775841,0.35556518,0.83548761,0.72933656,0.53971054,0.11068894,0.68802285,0.89739905,0.35010579,0.61025042,0.78457457,0.28523023,0.76202889,0.82863908,0.37474635,1.04341793,0.56636890,0.77138168
0.61713875,0.89390672,0.51559243,0.30717652,0.26317291,0.17213960,0.29951178,0.91300073,0.35269374,0.53224667,0.17622470,0.81724391,1.03210576,0.24568112,1.04341561,0.84688308,0.35301927,0.58291437,0.65065011,0.65213454,0.76956432,0.62770428,0.34230883,0.32542964,0.89879290,0.76742966,0.79952314,0.71321591,0.48263726,0.56899403,0.70751325,0.30665832,0.74090766,0.89553069,0.89355651,0.11125855,0.86354061,0.00000000,0.70602867,0.77319139,0.59254479,0.62414055,0.55688094,0.50987192,0.63908609,0.39510069,0.68164036,0.76800785,0.34973306,0.06510779,0.65590225,0.85291107,0.08917712,1.04056667,0.54289038,0.62254143,0.69728761,0.83962942,0.31059468,0.12557608
0.69346224,0.43448019,0.21076593,0.88988008,0.44553335,0.70740351,0.72980983,0.80351657,0.42055355,0.30816407,0.61683230,0.12210755,0.59437034,0.83744012,0.51054440,0.18317565,0.35342777,0.29414110,0.05589708,0.07142264,0.42340932,0.47330624,0.59274119,0.80105271,0.77787459,0.21007376,0.11341420,0.15001600,0.22608797,0.85298577,0.36828807,0.42366437,0.85832827,0.32074645,0.61789166,0.64020488,0.23534966,0.70602867,0.00000000,0.86872108,0.11970502,0.92693879,0.22149250,0.22079972,0.85219847,0.68124439,0.60366132,0.13027160,0.47225235,0.75144377,0.11506802,0.72570028,0.61963265,0.51501801,0.75857341,0.84142439,0.45526642,1.08186883,0.44975698,0.63786837
0.18982845,0.62410419,0.85440686,0.59961991,0.76434522,0.60563011,0.48208244,0.24718222,0.58214119,0.98144298,0.60872499,0.88967841,0.63563384,0.61481525,0.75171497,0.84977905,0.75470911,1.01425183,0.84680017,0.88001556,0.51210913,0.39670136,0.45110220,0.49002193,0.25508641,1.06490479,0.86681091,0.74103438,0.79993998,0.24344667,0.52891880,0.64424373,0.03467779,0.75304437,0.42327794,0.83711850,0.80864521,0.77319139,0.86872108,0.00000000,0.84495190,0.24758560,0.66023146,0.69895503,0.15717722,0.37845880,0.27092781,0.80346380,0.94247726,0.74339720,0.92765229,0.25642755,0.77084757,0.74155963,0.23113084,0.17022813,0.43493794,0.24244186,0.59711006,0.65575909
0.66063043,0.50103715,0.09190242,0.79452672,0.33006927,0.60784290,0.64418812,0.81456135,0.33583185,0.20955326,0.51684903,0.24099682,0.66507769,0.73922746,0.60009505,0.29468297,0.23978655,0.21099133,0.06521381,0.05992546,0.45712714,0.46241119,0.51656113,0.71476813,0.78975305,0.22694143,0.22955860,0.21280327,0.10990825,0.79685788,0.39132546,0.32486637,0.83012211,0.41207461,0.65250278,0.52242737,0.33799168,0.59254479,0.11970502,0.84495190,0.00000000,0.87180017,0.18691893,0.14992779,0.80737517,0.61116797,0.59276831,0.22732391,0.35455723,0.64078712,0.08605964,0.73561641,0.50497473,0.60299627,0.70689225,0.79500313,0.46458444,1.04258032,0.35812201,0.53281753
0.27229020,0.78967880,0.85475093,0.38621437,0.69658545,0.45278855,0.32743947,0.48896398,0.55250195,0.96055116,0.49014543,0.97802390,0.83824725,0.41779590,0.93457465,0.95553417,0.71759357,1.00190429,0.89187631,0.91893689,0.65773927,0.49998665,0.37619635,0.30309003,0.49240756,1.09873614,0.95452776,0.82639309,0.79920289,0.07502066,0.64892114,0.59727508,0.21645190,0.89339162,0.62773731,0.71087112,0.92797228,0.62414055,0.92693879,0.24758560,0.87180017,0.00000000,0.70557182,0.72244266,0.10756565,0.27720028,0.41351981,0.89430367,0.87118615,0.57927896,0.95785825,0.48004558,0.64791013,0.92568612,0.16904141,0.10662589,0.56519272,0.21551739,0.54960383,0.52681473
0.47869317,0.37585907,0.22291933,0.69095706,0.32656482,0.51897712,0.52141455,0.63077990,0.22240357,0.36399483,0.43234773,0.29177206,0.53611325,0.64375534,0.50721322,0.29972317,0.24227441,0.38163451,0.18881197,0.22021625,0.29517098,0.27565978,0.37852392,0.59237487,0.60637417,0.40504359,0.26962427,0.15952077,0.18183011,0.63152780,0.22417098,0.25085790,0.64679410,0.34174579,0.48370329,0.51973919,0.30775841,0.55688094,0.22149250,0.66023146,0.18691893,0.70557182,0.00000000,0.06819516,0.63272917,0.46261217,0.40585209,0.22223330,0.43492412,0.58964574,0.26756902,0.55187752,0.48033553,0.50678091,0.53743190,0.62147728,0.28399655,0.86482051,0.25987768,0.46396840
0.51280677,0.44317999,0.16295420,0.67020405,0.26737117,0.49044113,0.50907175,0.68719847,0.19981975,0.30241646,0.40087041,0.31444328,0.60404103,0.61910680,0.57133655,0.33720865,0.17898966,0.32461355,0.17487251,0.19753720,0.36255735,0.32766326,0.37388917,0.58030033,0.66334343,0.37663768,0.29453402,0.20494557,0.11648032,0.64757345,0.29121898,0.21019072,0.68285542,0.40009008,0.54896466,0.46377267,0.35556518,0.50987192,0.22079972,0.69895503,0.14992779,0.72244266,0.06819516,0.00000000,0.65749738,0.46553578,0.45473706,0.25827181,0.36702691,0.54776980,0.23578655,0.60862086,0.42928205,0.57138488,0.55706231,0.64508362,0.34541026,0.89295297,0.23057618,0.42679057
0.17251566,0.68672204,0.80011726,0.44393970,0.66933481,0.46784495,0.34094447,0.38703416,0.50543965,0.91539015,0.48554987,0.89429892,0.73107852,0.46269307,0.82953561,0.86675675,0.67675295,0.95357200,0.82123312,0.85065191,0.55741567,0.40634591,0.34467754,0.33897888,0.38862602,1.03351865,0.87083257,0.74237810,0.74439129,0.08629065,0.55389433,0.55881594,0.12286086,0.79578330,0.52025356,0.71360596,0.83548761,0.63908609,0.85219847,0.15717722,0.80737517,0.10756565,0.63272917,0.65749738,0.00000000,0.25488529,0.31013983,0.80926958,0.84748369,0.60303804,0.89297282,0.37357462,0.64815707,0.82046121,0.10884417,0.01661275,0.46680283,0.23742206,0.51037908,0.52876386
0.23063766,0.65271085,0.58442380,0.29290316,0.42058927,0.23114420,0.12112743,0.53341153,0.28057192,0.68461778,0.23210559,0.75081524,0.75042734,0.27804998,0.80877548,0.74327850,0.44109659,0.72703977,0.63978966,0.66279106,0.51278540,0.34095559,0.09958560,0.16802679,0.52301780,0.83655287,0.72782058,0.60449510,0.52955470,0.20522365,0.47680809,0.32065051,0.34673743,0.71811061,0.56815455,0.46095934,0.72933656,0.39510069,0.68124439,0.37845880,0.61116797,0.27720028,0.46261217,0.46553578,0.25488529,0.00000000,0.33156934,0.67286681,0.59695995,0.36939440,0.69665665,0.48394208,0.39500252,0.80231016,0.15041257,0.23844504,0.41948503,0.48105147,0.27348228,0.27772898
0.14262310,0.37660352,0.61668753,0.62225299,0.58642112,0.54321546,0.45169809,0.24704368,0.39200029,0.75246456,0.50551626,0.61900789,0.43517032,0.60945378,0.52156125,0.57915607,0.55050204,0.77871626,0.58656156,0.62151748,0.24939514,0.13119165,0.34227498,0.49669597,0.22732794,0.80531978,0.59623921,0.47130902,0.56545784,0.35833667,0.25836297,0.46077781,0.26794221,0.49037431,0.23842985,0.71227457,0.53971054,0.68164036,0.60366132,0.27092781,0.59276831,0.41351981,0.40585209,0.45473706,0.31013983,0.33156934,0.00000000,0.53283468,0.75453823,0.67433445,0.67182109,0.17576671,0.64894112,0.51291516,0.27009257,0.30742859,0.16497908,0.50385432,0.42144097,0.55609796
0.64166486,0.30919668,0.31686791,0.91272378,0.51903058,0.74091926,0.74100234,0.70825397,0.44446545,0.43195376,0.65352441,0.08622931,0.46620164,0.86597788,0.38057184,0.07894707,0.42660779,0.42232505,0.16634847,0.19657369,0.32057982,0.40899704,0.59555577,0.81150372,0.68235801,0.32724225,0.06344796,0.06860635,0.31395854,0.82294674,0.27884509,0.46699487,0.79769614,0.19067354,0.50821102,0.71693380,0.11068894,0.76800785,0.13027160,0.80346380,0.22732391,0.89430367,0.22223330,0.25827181,0.80926958,0.67286681,0.53283468,0.00000000,0.57800754,0.80572143,0.24497550,0.63273367,0.68636509,0.38487139,0.72560931,0.80049967,0.37236524,1.02924232,0.48101400,0.68294217
0.75612411,0.80999735,0.26271881,0.63970889,0.17868922,0.46020982,0.55940824,1.00119583,0.36580774,0.20487982,0.39038250,0.59435839,0.97102939,0.57652137,0.93273511,0.64875823,0.20767423,0.25248857,0.41963225,0.40299302,0.72430279,0.64845234,0.50283354,0.61446043,0.98026781,0.45715314,0.58399400,0.54791914,0.26813566,0.80158398,0.65265075,0.29957676,0.91683132,0.75212017,0.90036128,0.24303934,0.68802285,0.34973306,0.47225235,0.94247726,0.35455723,0.87118615,0.43492412,0.36702691,0.84748369,0.59695995,0.75453823,0.57800754,0.00000000,0.41377767,0.38211221,0.92662225,0.26984477,0.93374484,0.73887495,0.83160067,0.68973117,1.07798345,0.34564205,0.36969266
0.59754005,0.91165108,0.56763906,0.24488589,0.31512575,0.13833960,0.26235959,0.89783571,0.37583020,0.59245252,0.17601032,0.85933952,1.04374153,0.18491358,1.06381492,0.88465002,0.40123463,0.64310527,0.69668891,0.70066843,0.78280808,0.63256158,0.33206199,0.27680115,0.88519282,0.82339686,0.84071956,0.74812755,0.53124456,0.52868953,0.72403239,0.33923806,0.71022736,0.92356199,0.89463070,0.17633144,0.89739905,0.06510779,0.75144377,0.74339720,0.64078712,0.57927896,0.58964574,0.54776980,0.60303804,0.36939440,0.67433445,0.80572143,0.41377767,0.00000000,0.70775059,0.84163054,0.14762909,1.06031613,0.51227123,0.58669137,0.70540115,0.79405174,0.33436220,0.13063466
0.74462412,0.54424728,0.14031750,0.87274154,0.39306590,0.68444281,0.72664123,0.88732672,0.41988657,0.19954022,0.59371128,0.22710047,0.70598068,0.81607926,0.62549180,0.29562511,0.30814568,0.18013103,0.09227913,0.05457252,0.51860492,0.54079971,0.60144838,0.79683170,0.86214514,0.14089558,0.22393925,0.25407641,0.18094005,0.88291734,0.45696905,0.40413918,0.91362408,0.43562663,0.71471057,0.57696088,0.35010579,0.65590225,0.11506802,0.92765229,0.08605964,0.95785825,0.26756902,0.23578655,0.89297282,0.69665665,0.67182109,0.24497550,0.38211221,0.70775059,0.00000000,0.80857353,0.56707086,0.62984688,0.79284148,0.88071107,0.53642048,1.12781317,0.44006774,0.60603777
0.25803048,0.39432554,0.77150829,0.76315027,0.76092878,0.70721494,0.60483854,0.07895344,0.56661536,0.91060070,0.67674370,0.71581788,0.38123231,0.75937063,0.50505784,0.66171963,0.72077496,0.93256091,0.71869839,0.75556928,0.31367180,0.28305900,0.51108138,0.63957571,0.05475692,0.93422709,0.69490673,0.58092913,0.72330647,0.44732105,0.35787078,0.63550450,0.27551137,0.53855855,0.17217163,0.88733146,0.61025042,0.85291107,0.72570028,0.25642755,0.73561641,0.48004558,0.55187752,0.60862086,0.37357462,0.48394208,0.17576671,0.63273367,0.92662225,0.84163054,0.80857353,0.00000000,0.82355430,0.49436122,0.38278120,0.37875298,0.27219458,0.49359562,0.59695564,0.72740531
0.60214666,0.82974937,0.42679906,0.37156870,0.17497972,0.20313142,0.32113070,0.88836043,0.28990781,0.44487317,0.16290275,0.73254214,0.97379508,0.30836441,0.97595531,0.76499805,0.26620528,0.49553517,0.56402674,0.56436131,0.71102178,0.58043185,0.32329444,0.36313546,0.87214838,0.67833142,0.71541425,0.63392146,0.39511958,0.58606230,0.64589785,0.23465127,0.74027873,0.82140092,0.84819214,0.06629646,0.78457457,0.08917712,0.61963265,0.77084757,0.50497473,0.64791013,0.48033553,0.42928205,0.64815707,0.39500252,0.64894112,0.68636509,0.26984477,0.14762909,0.56707086,0.82355430,0.00000000,0.97375893,0.54541275,0.63156442,0.64526218,0.86233305,0.24881036,0.12111016
0.65547947,0.15102066,0.68525264,1.08962110,0.83195681,0.95789549,0.90791787,0.54306926,0.68787293,0.81211929,0.88682949,0.42489139,0.13467250,1.06012273,0.01148544,0.34808011,0.74901740,0.80621779,0.54787012,0.58057806,0.28984025,0.46136468,0.76536123,0.96834900,0.52111185,0.69756929,0.41712881,0.39123425,0.66658140,0.87097496,0.33786863,0.73915825,0.75282418,0.19428099,0.32220104,1.02016069,0.28523023,1.04056667,0.51501801,0.74155963,0.60299627,0.92568612,0.50678091,0.57138488,0.82046121,0.80231016,0.51291516,0.38487139,0.93374484,1.06031613,0.62984688,0.49436122,0.97375893,0.00000000,0.77989690,0.81916424,0.38301834,0.98351854,0.72997210,0.92968431
0.13104920,0.63785765,0.69529398,0.38528476,0.56061067,0.37453259,0.25139002,0.41689987,0.39789448,0.80809271,0.38251797,0.80911226,0.70508907,0.39116211,0.78801916,0.78777014,0.56849166,0.84703307,0.72456029,0.75246570,0.50160897,0.33706083,0.23623529,0.26667136,0.41168650,0.93369930,0.78562024,0.65758021,0.63954511,0.09789941,0.48595501,0.45017651,0.19820165,0.73194425,0.50284594,0.61136721,0.76202889,0.54289038,0.75857341,0.23113084,0.70689225,0.16904141,0.53743190,0.55706231,0.10884417,0.15041257,0.27009257,0.72560931,0.73887495,0.51227123,0.79284148,0.38278120,0.54541275,0.77989690,0.00000000,0.09345277,0.40701371,0.34458792,0.40174203,0.42779133
0.16750879,0.68391467,0.78655555,0.42976260,0.65354945,0.45135918,0.32452958,0.39528045,0.49086896,0.90096526,0.46897463,0.88527965,0.73196279,0.44747333,0.82809541,0.85891221,0.66184007,0.93945091,0.80977137,0.83884975,0.55324088,0.39951696,0.32876759,0.32348779,0.39590201,1.02136421,0.86179614,0.73334185,0.73081267,0.07401118,0.54767864,0.54362772,0.13564168,0.79059891,0.52202666,0.69700249,0.82863908,0.62254143,0.84142439,0.17022813,0.79500313,0.10662589,0.62147728,0.64508362,0.01661275,0.23844504,0.30742859,0.80049967,0.83160067,0.58669137,0.88071107,0.37875298,0.63156442,0.81916424,0.09345277,0.00000000,0.46174360,0.25158298,0.49519264,0.51215276
0.29437937,0.23466124,0.50649947,0.70867707,0.54127955,0.58982466,0.52772307,0.35090647,0.35847679,0.64723514,0.52940714,0.45804875,0.34004029,0.68261435,0.38975754,0.41491476,0.48244176,0.66555699,0.44654215,0.48337588,0.09531605,0.07873786,0.38988237,0.58619317,0.32575331,0.66270332,0.43575361,0.31447838,0.46181960,0.50260111,0.09427084,0.42349552,0.43291698,0.32898085,0.21114339,0.70197513,0.37474635,0.69728761,0.45526642,0.43493794,0.46458444,0.56519272,0.28399655,0.34541026,0.46680283,0.41948503,0.16497908,0.37236524,0.68973117,0.70540115,0.53642048,0.27219458,0.64526218,0.38301834,0.40701371,0.46174360,0.00000000,0.66870878,0.39759505,0.57682449
0.38902109,0.86615493,1.03738180,0.58974503,0.90106299,0.66829534,0.54262290,0.46747464,0.74240572,1.15254007,0.70300851,1.11523135,0.87477985,0.62772131,0.99376329,1.08091241,0.91296532,1.19096306,1.05363199,1.08415938,0.75073017,0.62043755,0.57646654,0.51735059,0.48172335,1.26794290,1.09196664,0.96418632,0.98167453,0.27772265,0.76123485,0.79418167,0.23674377,0.99226504,0.66369407,0.92578029,1.04341793,0.83962942,1.08186883,0.24244186,1.04258032,0.21551739,0.86482051,0.89295297,0.23742206,0.48105147,0.50385432,1.02924232,1.07798345,0.79405174,1.12781317,0.49359562,0.86233305,0.98351854,0.34458792,0.25158298,0.66870878,0.00000000,0.74579320,0.74123861
0.41052122,0.58363080,0.31632394,0.44012352,0.16889683,0.26052701,0.28659345,0.66771545,0.04209942,0.41116755,0.17254677,0.54391237,0.72519520,0.38853465,0.73284980,0.55918989,0.16803702,0.45372232,0.39998751,0.41518598,0.46234781,0.33636408,0.17389690,0.35681501,0.64870892,0.57612070,0.52324111,0.41939070,0.26348300,0.47602587,0.39810407,0.04843717,0.57208494,0.58923161,0.60353765,0.30438737,0.56636890,0.31059468,0.44975698,0.59711006,0.35812201,0.54960383,0.25987768,0.23057618,0.51037908,0.27348228,0.42144097,0.48101400,0.34564205,0.33436220,0.44006774,0.59695564,0.24881036,0.72997210,0.40174203,0.49519264,0.39759505,0.74579320,0.00000000,0.20566077
0.49397929,0.78104960,0.46846223,0.27751392,0.22628640,0.09075659,0.20036581,0.78799998,0.24649679,0.51796905,0.05066325,0.74081905,0.91419736,0.21609865,0.93320045,0.76164659,0.29860941,0.56749426,0.58449166,0.59254483,0.65274834,0.50537272,0.21724388,0.24669930,0.77352539,0.73063685,0.72126265,0.62327177,0.42566656,0.46518170,0.59347503,0.21660196,0.62437471,0.79453851,0.76986854,0.18521699,0.77138168,0.12557608,0.63786837,0.65575909,0.53281753,0.52681473,0.46396840,0.42679057,0.52876386,0.27772898,0.55609796,0.68294217,0.36969266,0.13063466,0.60603777,0.72740531,0.12111016,0.92968431,0.42779133,0.51215276,0.57682449,0.74123861,0.20566077,0.00000000
