0.00000000,1.01079237,0.92339897,0.43272778,0.30535719,0.87283218,0.82216597,0.86425948,0.34190091,1.20361662,0.62205279,0.88315499,0.38881001,0.39965045,0.18329865,0.38692033,1.57574224,0.33145839,0.66029048,0.87034601,0.84932911,1.44394767,0.66355002,0.77441579,0.21491066,1.03735602,0.77579659,1.06230044,0.80145431,0.30920446,1.68600559,1.11900353,1.23166835,1.77666783,1.06141829,0.83954704,1.04786623,1.00808835,1.06715596,1.26481450,0.68400794,1.03390622,0.67447823,0.53135020,0.15896814,1.04941344,0.37775451,1.09764743,0.56854945,1.00662422,0.57142460,1.37716103,1.05814087,0.40248039,0.82326782,0.72301650,0.82593727,0.93522036,0.99674922,0.44910869
1.01079237,0.00000000,0.92627966,0.57806456,0.78016055,1.43460357,0.45787793,0.93231690,0.93743813,1.02441168,0.49076140,1.14693475,0.95058143,0.61114192,0.82749373,1.02453804,0.68597990,0.89322978,0.85142112,1.37675261,1.39721739,0.73951644,1.22532141,0.52068090,0.95132470,1.11988628,1.16204453,0.84683049,0.90123141,0.89265037,0.68005490,0.49994916,1.25916159,0.76587540,1.27385020,0.17124537,1.28945863,1.30470991,1.62892735,1.29695690,0.69323403,0.75468767,0.33631420,1.08738518,1.11742151,1.30685782,1.02366734,1.12015033,1.00543141,1.56839561,0.43936780,0.40153190,0.30427536,0.96425176,0.50625008,0.28777593,1.38770866,0.27170980,1.53846765,0.56168371
0.92339897,0.92627966,0.00000000,0.49067119,0.61804175,0.50832391,0.46840176,0.05913949,0.85004473,0.28021759,0.43551829,0.22065508,0.80850625,0.52871168,0.74010032,0.93714464,0.65234339,0.62783927,0.26310849,0.45047289,0.47093773,0.52054870,0.66553259,0.40559876,0.86393124,0.19360662,0.23576480,0.13890141,0.12194467,0.80525696,0.76260668,0.42633051,0.33288193,0.85326880,0.34757060,0.81616497,0.36317897,0.37843025,0.70264769,0.37067723,0.23939103,0.17159200,0.87693655,0.39204878,1.03002810,0.38057816,0.93627399,0.19387060,0.35484952,0.64211589,0.86978006,0.52474773,0.62200433,0.60680795,0.42002961,0.82334495,0.46142900,0.65456986,0.61218792,0.57555926
0.43272778,0.57806456,0.49067119,0.00000000,0.31538296,0.96982604,0.38943821,0.46753934,0.43889475,0.77088875,0.18932503,0.68215716,0.48580384,0.06720958,0.24942914,0.48391417,1.14301455,0.42845222,0.38664356,0.91197497,0.93243986,1.01121986,0.76054382,0.34168801,0.37326008,0.65510875,0.69726688,0.62957263,0.43645385,0.40619829,1.25327790,0.68627584,0.79894060,1.34394002,0.80907267,0.40681922,0.82468110,0.83993238,1.16414976,0.83217937,0.25128016,0.60117841,0.41543448,0.62260759,0.53935689,0.84208030,0.47474834,0.66491973,0.54065382,1.10361791,0.40827796,0.94443321,0.62541306,0.49947423,0.39054006,0.36184287,0.92293108,0.50249255,1.07369006,0.11405712
0.30535719,0.78016055,0.61804175,0.31538296,0.00000000,0.65444303,0.51680881,0.55890226,0.23200297,0.89825934,0.31669563,0.57779777,0.19046450,0.38259253,0.28390256,0.31910285,1.27038515,0.11306927,0.35493329,0.59659201,0.61705691,1.13859046,0.44516087,0.46905860,0.24588948,0.73199886,0.47043940,0.75694323,0.49609712,0.18721518,1.38064849,0.81364644,0.92631119,1.47131062,0.75606114,0.67004585,0.74250907,0.70273119,0.84876686,0.95945734,0.37865075,0.72854900,0.73081744,0.30722460,0.41198629,0.74405628,0.31823221,0.79229033,0.26319227,0.78823501,0.72366095,1.07180381,0.75278372,0.18409127,0.51791066,0.67722583,0.60754812,0.62986314,0.75830710,0.42944008
0.87283218,1.43460357,0.50832391,0.96982604,0.65444303,0.00000000,0.97672570,0.50228667,0.53093123,0.71740419,0.94384217,0.39694262,0.48402217,1.03703558,0.93834561,0.49995804,1.08952999,0.54137379,0.58318245,0.38413364,0.36311674,0.95773530,0.22834602,0.91392267,0.65792155,0.55114365,0.28958422,0.58777314,0.53337216,0.56362772,1.19979334,0.93465441,0.74545598,1.29045534,0.57520598,1.32448888,0.56165385,0.52187598,0.39352345,0.77860212,0.74136955,0.67991590,1.38526058,0.34721845,0.71386403,0.56320107,0.49908739,0.61143512,0.42917222,0.20162731,1.37810397,1.03307176,1.13032818,0.47035179,0.92835355,1.33166885,0.20648813,1.16289377,0.51053685,1.08388305
0.82216597,0.45787793,0.46840176,0.38943821,0.51680881,0.97672570,0.00000000,0.47443900,0.74881178,0.56653368,0.20011318,0.68905687,0.70727330,0.42251554,0.63886738,0.83591163,0.75357634,0.52660632,0.39354321,0.91887462,0.93933952,0.62178165,0.76744348,0.06280300,0.76269829,0.66200840,0.70416653,0.38895252,0.44335350,0.70402396,0.86383963,0.29683763,0.80128372,0.95450181,0.81597233,0.34776324,0.83158076,0.84683204,1.17104948,0.83907902,0.23535612,0.29680976,0.40853482,0.62950718,0.92879510,0.84897995,0.83504105,0.66227233,0.54755342,1.11051762,0.40137830,0.55499494,0.23597488,0.50637388,0.04837215,0.35494322,0.92983079,0.18616812,1.08058977,0.37305731
0.86425948,0.93231690,0.05913949,0.46753934,0.55890226,0.50228667,0.47443900,0.00000000,0.79090524,0.33935708,0.44155553,0.21461785,0.74936676,0.53474891,0.68096083,0.87800515,0.71148288,0.56869978,0.20396900,0.44443566,0.46490049,0.57968819,0.60639310,0.41163599,0.80479181,0.18756938,0.22972757,0.19804090,0.06280518,0.74611747,0.82174617,0.43236774,0.36740887,0.91240829,0.34153336,0.82220221,0.35714173,0.37239301,0.69661045,0.40055501,0.23908287,0.17762923,0.88297379,0.33290929,0.97088856,0.37454093,0.87713450,0.23338801,0.29571003,0.63607866,0.87581730,0.53078502,0.62804157,0.54766846,0.42606685,0.82938218,0.45539176,0.66060710,0.60615069,0.58159649
0.34190091,0.93743813,0.85004473,0.43889475,0.23200297,0.53093123,0.74881178,0.79090524,0.00000000,1.13026237,0.54869860,0.80980074,0.04690909,0.50610435,0.40741435,0.08709988,1.50238812,0.22220549,0.58693624,0.79699177,0.77597493,1.37059343,0.32164907,0.70106161,0.12699026,0.96400183,0.70244241,0.98894620,0.72810006,0.04478779,1.61265147,1.04564941,1.15831423,1.70331359,0.98806411,0.79355764,0.97451204,0.93473417,0.80638164,1.19146037,0.61065376,0.96055198,0.85432923,0.45799598,0.18293278,0.97605926,0.08622923,1.02429330,0.49519524,0.66472322,0.84717274,1.30380678,0.98478669,0.24323684,0.74991363,0.80073762,0.61934626,0.86186612,0.92339504,0.55295187
1.20361662,1.02441168,0.28021759,0.77088875,0.89825934,0.71740419,0.56653368,0.33935708,1.13026237,0.00000000,0.58156371,0.32046157,1.08872390,0.80396610,1.02031791,1.21736217,0.37212577,0.90805686,0.54332608,0.35234094,0.37280577,0.28489521,0.94575024,0.50373071,1.14414883,0.16626054,0.42781997,0.17758119,0.40216225,1.08547449,0.48238906,0.52446246,0.23474997,0.57305121,0.24943864,0.91429698,0.26504701,0.28029829,0.60451573,0.27254528,0.51960862,0.26972395,0.97506857,0.67226636,1.31024563,0.28244621,1.21649158,0.10596907,0.63506711,0.54398394,0.96791202,0.62287974,0.72013628,0.88702548,0.51816154,0.92147690,0.51091605,0.75270188,0.51405597,0.75450790
0.62205279,0.49076140,0.43551829,0.18932503,0.31669563,0.94384217,0.20011318,0.44155553,0.54869860,0.58156371,0.00000000,0.65617335,0.50716013,0.22240236,0.43875417,0.63579845,0.95368952,0.40246841,0.36065975,0.88599122,0.90645599,0.82189482,0.73456001,0.15236297,0.56258512,0.62912488,0.67128313,0.44024757,0.41047004,0.50391078,1.06395280,0.49695081,0.76840019,1.15461493,0.78308892,0.38064674,0.79869723,0.81394851,1.13816595,0.80619550,0.20247266,0.41185340,0.44141829,0.59662378,0.72868192,0.81609643,0.63492781,0.62938893,0.51467001,1.07763410,0.43426177,0.75510812,0.43608806,0.47349042,0.20121503,0.38782668,0.89694726,0.31316748,1.04770625,0.17294413
0.88315499,1.14693475,0.22065508,0.68215716,0.57779777,0.39694262,0.68905687,0.21461785,0.80980074,0.32046157,0.65617335,0.00000000,0.76826227,0.74936676,0.69985634,0.89690065,0.69258738,0.58759528,0.29551363,0.22981781,0.25028265,0.56079268,0.62528861,0.62625384,0.82368726,0.15420103,0.10735840,0.30010432,0.24570334,0.76501298,0.80285066,0.64698559,0.34851336,0.89351279,0.17826337,1.03682017,0.16471124,0.15777516,0.48199260,0.38165951,0.45370072,0.39224708,1.09759164,0.35180479,0.98978406,0.16625845,0.89603001,0.21449250,0.31460553,0.42146081,1.09043515,0.74540287,0.84265947,0.56656396,0.64068472,1.04400003,0.24077392,0.87522495,0.39153284,0.79621434
0.38881001,0.95058143,0.80850625,0.48580384,0.19046450,0.48402217,0.70727330,0.74936676,0.04690909,1.08872390,0.50716013,0.76826227,0.00000000,0.55301344,0.45432344,0.12863836,1.46084964,0.18066701,0.54539776,0.75545329,0.73443645,1.32905495,0.27473998,0.65952313,0.17389935,0.92246336,0.66090393,0.94740772,0.68656158,0.07960555,1.57111299,1.00411093,1.11677575,1.66177511,0.94652563,0.84046674,0.93297356,0.89319569,0.76484317,1.14992189,0.56911528,0.91901350,0.90123832,0.41645750,0.22984187,0.93452078,0.12776771,0.98275483,0.45365676,0.61781412,0.89408183,1.26226830,0.94324821,0.20169836,0.70837516,0.84764671,0.57780778,0.82032764,0.88185656,0.59986097
0.39965045,0.61114192,0.52871168,0.06720958,0.38259253,1.03703558,0.42251554,0.53474891,0.50610435,0.80396610,0.22240236,0.74936676,0.55301344,0.00000000,0.21635181,0.55112374,1.17609191,0.49566180,0.45385313,0.97918457,0.99964941,1.04429722,0.82775342,0.37476534,0.37911406,0.72231829,0.76447648,0.66264993,0.50366342,0.47340786,1.28635526,0.71935314,0.86159360,1.37701726,0.87628227,0.43989655,0.89189065,0.90714192,1.23135936,0.89938891,0.29566604,0.63425577,0.34822488,0.68981713,0.50627953,0.90928984,0.54195791,0.72258228,0.60786337,1.17082763,0.34106839,0.97751045,0.65849042,0.56668377,0.42361739,0.32336602,0.99014068,0.53556991,1.14089966,0.04945825
0.18329865,0.82749373,0.74010032,0.24942914,0.28390256,0.93834561,0.63886738,0.68096083,0.40741435,1.02031791,0.43875417,0.69985634,0.45432344,0.21635181,0.00000000,0.45243376,1.39244366,0.39697182,0.47699183,0.88049459,0.90095943,1.26064897,0.72906339,0.59111714,0.28042409,0.85405737,0.66578650,0.87900174,0.61815566,0.37471789,1.50270700,0.93570495,1.04836965,1.59336913,0.87811971,0.65624833,0.86456758,0.82478970,1.13266945,1.08151579,0.50070930,0.85060757,0.49117956,0.59112716,0.28992772,0.86611480,0.44326794,0.91434884,0.50917339,1.07213759,0.43975836,1.19386232,0.87484229,0.46799383,0.63996923,0.53971779,0.89145070,0.75192165,1.04220963,0.26581004
0.38692033,1.02453804,0.93714464,0.48391417,0.31910285,0.49995804,0.83591163,0.87800515,0.08709988,1.21736217,0.63579845,0.89690065,0.12863836,0.55112374,0.45243376,0.00000000,1.58948803,0.30930537,0.67403615,0.88409168,0.86307478,1.45769334,0.27662966,0.78816140,0.17200968,1.05110168,0.78954226,1.07604599,0.81519997,0.13188767,1.69975138,1.13274932,1.24541402,1.79041338,1.07516408,0.85329270,1.06161189,1.02183402,0.89348149,1.27856016,0.69775361,1.04765189,0.89934868,0.54509586,0.22795220,1.06315911,0.00916582,1.11139321,0.58229512,0.70158535,0.89219213,1.39090657,1.07188654,0.33033672,0.83701348,0.84575701,0.70644617,0.94896603,1.01049495,0.59797126
1.57574224,0.68597990,0.65234339,1.14301455,1.27038515,1.08952999,0.75357634,0.71148288,1.50238812,0.37212577,0.95368952,0.69258738,1.46084964,1.17609191,1.39244366,1.58948803,0.00000000,1.28018260,0.91545182,0.70539629,0.72641319,0.13179469,1.31787598,0.80132651,1.51627457,0.53838634,0.79994571,0.51344192,0.77428806,1.45760036,0.11026330,0.45673871,0.57318175,0.20092544,0.58787036,0.73619533,0.60347873,0.61873001,0.94294745,0.61097705,0.89173436,0.54183614,0.90126413,1.04439211,1.68237138,0.62087792,1.58861732,0.47809485,1.00719285,0.88790262,1.00431776,0.28444797,0.51760149,1.25915122,0.75247449,0.85272586,0.88304186,0.64052206,0.85248774,1.12663364
0.33145839,0.89322978,0.62783927,0.42845222,0.11306927,0.54137379,0.52660632,0.56869978,0.22220549,0.90805686,0.40246841,0.58759528,0.18066701,0.49566180,0.39697182,0.30930537,1.28018260,0.00000000,0.36473078,0.57478631,0.55376941,1.14838791,0.33209160,0.47885609,0.23609200,0.74179631,0.48023689,0.76674068,0.50589460,0.17741770,1.39044595,0.82344389,0.93610865,1.48110807,0.76585865,0.78311515,0.75230652,0.71252865,0.73569757,0.96925479,0.38844824,0.73834652,0.84388673,0.23579049,0.40218878,0.75385374,0.30843472,0.80208778,0.27298975,0.67516577,0.83673018,1.08160126,0.76258111,0.07102200,0.52770817,0.79029512,0.49447888,0.63966060,0.70118952,0.54250932
0.66029048,0.85142112,0.26310849,0.38664356,0.35493329,0.58318245,0.39354321,0.20396900,0.58693624,0.54332608,0.36065975,0.29551363,0.54539776,0.45385313,0.47699183,0.67403615,0.91545182,0.36473078,0.00000000,0.52533144,0.54579628,0.78365719,0.40242413,0.33074021,0.60082281,0.37706554,0.31062335,0.40200990,0.14116383,0.54214847,1.02571511,0.45871311,0.57137787,1.11637735,0.42242914,0.74130642,0.43803751,0.45328879,0.77750623,0.60452402,0.15818709,0.37361574,0.80207801,0.23596400,0.76691955,0.45543671,0.67316550,0.43735701,0.15401024,0.71697444,0.79492152,0.71687049,0.54714578,0.34369943,0.34517106,0.74848640,0.53628755,0.57971132,0.68704647,0.50070071
0.87034601,1.37675261,0.45047289,0.91197497,0.59659201,0.38413364,0.91887462,0.44443566,0.79699177,0.35234094,0.88599122,0.22981781,0.75545329,0.97918457,0.88049459,0.88409168,0.70539629,0.57478631,0.52533144,0.00000000,0.02101690,0.63723618,0.61247969,0.85607165,0.81087828,0.25686628,0.21470809,0.52992213,0.47552115,0.75220400,0.81565964,0.87680340,0.36132234,0.90632176,0.19107234,1.26663792,0.17752022,0.13774234,0.25217479,0.39446849,0.68351853,0.62206489,1.32740951,0.33899581,0.97697508,0.17906743,0.88322103,0.25660229,0.37132120,0.19164300,1.32025290,0.97522068,1.07247722,0.55375493,0.87050247,1.27381778,0.17764550,1.10504282,0.16171503,1.02603209
0.84932911,1.39721739,0.47093773,0.93243986,0.61705691,0.36311674,0.93933952,0.46490049,0.77597493,0.37280577,0.90645599,0.25028265,0.73443645,0.99964941,0.90095943,0.86307478,0.72641319,0.55376941,0.54579628,0.02101690,0.00000000,0.65770102,0.59146273,0.87653649,0.78986144,0.27733111,0.23517293,0.55038697,0.49598598,0.73118711,0.83667654,0.89726824,0.38233924,0.92733866,0.21208924,1.28710270,0.19853711,0.15875924,0.23170996,0.41548538,0.70398337,0.64252973,1.34787440,0.31797892,0.95595819,0.20008433,0.86220413,0.27706712,0.39178604,0.17117816,1.34071779,0.99568552,1.09294200,0.53273809,0.89096737,1.29428267,0.15662861,1.12550759,0.14742011,1.04649699
1.44394767,0.73951644,0.52054870,1.01121986,1.13859046,0.95773530,0.62178165,0.57968819,1.37059343,0.28489521,0.82189482,0.56079268,1.32905495,1.04429722,1.26064897,1.45769334,0.13179469,1.14838791,0.78365719,0.63723618,0.65770102,0.00000000,1.18608129,0.66953182,1.38448000,0.40659162,0.66815108,0.38164726,0.64249337,1.32580566,0.24205798,0.32494402,0.51964521,0.33272013,0.53433383,0.62940174,0.54994226,0.56519353,0.88941097,0.55744052,0.75993967,0.41004142,0.76946944,0.91259742,1.55057669,0.56734145,1.45682263,0.38063386,0.87539816,0.82887918,0.87252307,0.33798450,0.43524107,1.12735665,0.62067980,0.72093117,0.75124711,0.50872731,0.79895115,0.99483895
0.66355002,1.22532141,0.66553259,0.76054382,0.44516087,0.22834602,0.76744348,0.60639310,0.32164907,0.94575024,0.73456001,0.62528861,0.27473998,0.82775342,0.72906339,0.27662966,1.31787598,0.33209160,0.40242413,0.61247969,0.59146273,1.18608129,0.00000000,0.70464051,0.44863933,0.77948964,0.51793027,0.80443406,0.54358792,0.35434553,1.42813933,0.86113727,0.97380203,1.51880145,0.80355203,1.11520672,0.78999984,0.75022197,0.62186950,1.00694823,0.53208733,0.77603984,1.17597830,0.27348384,0.50458187,0.79154706,0.28579548,0.83978117,0.31068310,0.42997333,1.16882181,1.11929464,0.92104608,0.26106960,0.71907133,1.12238669,0.43483415,0.95361161,0.73888290,0.87460101
0.77441579,0.52068090,0.40559876,0.34168801,0.46905860,0.91392267,0.06280300,0.41163599,0.70106161,0.50373071,0.15236297,0.62625384,0.65952313,0.37476534,0.59111714,0.78816140,0.80132651,0.47885609,0.33074021,0.85607165,0.87653649,0.66953182,0.70464051,0.00000000,0.71494806,0.59920537,0.64136356,0.32614952,0.38055050,0.65627372,0.91158986,0.34458780,0.73848069,1.00225198,0.75316930,0.41056627,0.76877773,0.78402901,1.10824645,0.77627599,0.17255312,0.25949043,0.47133783,0.56670421,0.88104492,0.78617692,0.78729081,0.59946936,0.48475045,1.04771459,0.46418130,0.60274518,0.28372508,0.45782474,0.04885206,0.41774622,0.86702776,0.24897112,1.01778674,0.32530710
0.21491066,0.95132470,0.86393124,0.37326008,0.24588948,0.65792155,0.76269829,0.80479181,0.12699026,1.14414883,0.56258512,0.82368726,0.17389935,0.37911406,0.28042409,0.17200968,1.51627457,0.23609200,0.60082281,0.81087828,0.78986144,1.38448000,0.44863933,0.71494806,0.00000000,0.97788835,0.71632886,1.00283265,0.74198663,0.09429380,1.62653804,1.05953586,1.17220068,1.71720004,1.00195062,0.78007931,0.98839855,0.94862068,0.85224533,1.20534682,0.62454021,0.97443855,0.72733897,0.47188249,0.16609679,0.98994577,0.16284385,1.03817987,0.50908172,0.79171348,0.72018248,1.31769323,0.99867314,0.25712335,0.76380014,0.67374736,0.63323277,0.87575263,0.93728155,0.42596161
1.03735602,1.11988628,0.19360662,0.65510875,0.73199886,0.55114365,0.66200840,0.18756938,0.96400183,0.16626054,0.62912488,0.15420103,0.92246336,0.72231829,0.85405737,1.05110168,0.53838634,0.74179631,0.37706554,0.25686628,0.27733111,0.40659162,0.77948964,0.59920537,0.97788835,0.00000000,0.26155943,0.27305585,0.23590171,0.91921401,0.64864963,0.61993712,0.19431233,0.73931175,0.15396398,1.00977159,0.16957235,0.18482363,0.50904107,0.22745848,0.42665225,0.36519861,1.07054317,0.50600582,1.14398503,0.18697155,1.05023098,0.06029147,0.46880656,0.44850928,1.06338668,0.71835440,0.81561095,0.72076499,0.61363626,1.01695156,0.34465551,0.84817648,0.41858131,0.76916587
0.77579659,1.16204453,0.23576480,0.69726688,0.47043940,0.28958422,0.70416653,0.22972757,0.70244241,0.42781997,0.67128313,0.10735840,0.66090393,0.76447648,0.66578650,0.78954226,0.79994571,0.48023689,0.31062335,0.21470809,0.23517293,0.66815108,0.51793027,0.64136356,0.71632886,0.26155943,0.00000000,0.31521404,0.26081306,0.65765458,0.91020906,0.66209531,0.45587176,1.00087118,0.28562176,1.05192983,0.27206963,0.23229176,0.46688288,0.48901790,0.46881044,0.40735680,1.11270142,0.24444640,0.88242567,0.27361685,0.78867161,0.32185090,0.20724714,0.40635109,1.10554481,0.76051259,0.85776913,0.45920554,0.65579438,1.05910969,0.22566420,0.89033473,0.37642312,0.81132400
1.06230044,0.84683049,0.13890141,0.62957263,0.75694323,0.58777314,0.38895252,0.19804090,0.98894620,0.17758119,0.44024757,0.30010432,0.94740772,0.66264993,0.87900174,1.07604599,0.51344192,0.76674068,0.40200990,0.52992213,0.55038697,0.38164726,0.80443406,0.32614952,1.00283265,0.27305585,0.31521404,0.00000000,0.26084608,0.94415838,0.62370527,0.34688127,0.41233116,0.71436739,0.42701983,0.73671579,0.44262820,0.45787948,0.78209692,0.45012647,0.37829244,0.09214276,0.79748738,0.53095019,1.16892946,0.46002740,1.07517540,0.27331984,0.49375093,0.72156513,0.79033083,0.44529852,0.54255509,0.74570930,0.34058037,0.74389577,0.54087824,0.57512063,0.69163716,0.61319172
0.80145431,0.90123141,0.12194467,0.43645385,0.49609712,0.53337216,0.44335350,0.06280518,0.72810006,0.40216225,0.41047004,0.24570334,0.68656158,0.50366342,0.61815566,0.81519997,0.77428806,0.50589460,0.14116383,0.47552115,0.49598598,0.64249337,0.54358792,0.38055050,0.74198663,0.23590171,0.26081306,0.26084608,0.00000000,0.68331230,0.88455135,0.40128225,0.43021405,0.97521347,0.37261885,0.79111671,0.38822722,0.40347850,0.72769594,0.46336019,0.20799738,0.23245192,0.85188830,0.27010411,0.90808338,0.40562642,0.81432933,0.29619318,0.23290485,0.66716415,0.84473181,0.57570666,0.59695607,0.48486325,0.39498135,0.79829669,0.48647726,0.62952161,0.63723618,0.55051100
0.30920446,0.89265037,0.80525696,0.40619829,0.18721518,0.56362772,0.70402396,0.74611747,0.04478779,1.08547449,0.50391078,0.76501298,0.07960555,0.47340786,0.37471789,0.13188767,1.45760036,0.17741770,0.54214847,0.75220400,0.73118711,1.32580566,0.35434553,0.65627372,0.09429380,0.91921401,0.65765458,0.94415838,0.68331230,0.00000000,1.56786370,1.00086164,1.11352634,1.65852571,0.94327635,0.76086116,0.92972422,0.88994634,0.76159382,1.14667249,0.56586593,0.91576421,0.82163280,0.41320819,0.22477110,0.93127143,0.13101703,0.97950548,0.45040745,0.69741970,0.81447625,1.25901890,0.93999887,0.19844905,0.70512581,0.76804113,0.57455850,0.81707835,0.87860721,0.52025539
1.68600559,0.68005490,0.76260668,1.25327790,1.38064849,1.19979334,0.86383963,0.82174617,1.61265147,0.48238906,1.06395280,0.80285066,1.57111299,1.28635526,1.50270700,1.69975138,0.11026330,1.39044595,1.02571511,0.81565964,0.83667654,0.24205798,1.42813933,0.91158986,1.62653804,0.64864963,0.91020906,0.62370527,0.88455135,1.56786370,0.00000000,0.56700206,0.57910675,0.09066214,0.62458730,0.84645855,0.63813943,0.67791730,0.94887251,0.61690205,1.00199771,0.65209937,1.01152742,1.15465546,1.79263473,0.63659221,1.69888067,0.58835816,1.11745620,0.99816597,1.11458099,0.30884469,0.62786472,1.36941457,0.86273777,0.96298921,0.99330515,0.75078529,0.85841274,1.23689699
1.11900353,0.49994916,0.42633051,0.68627584,0.81364644,0.93465441,0.29683763,0.43236774,1.04564941,0.52446246,0.49695081,0.64698559,1.00411093,0.71935314,0.93570495,1.13274932,0.45673871,0.82344389,0.45871311,0.87680340,0.89726824,0.32494402,0.86113727,0.34458780,1.05953586,0.61993712,0.66209531,0.34688127,0.40128225,1.00086164,0.56700206,0.00000000,0.75921243,0.65766418,0.77390110,0.38983449,0.78950948,0.80476075,1.12897825,0.79700774,0.43499565,0.25473851,0.45060605,0.58765340,1.22563267,0.80690867,1.13187861,0.62020111,0.55045414,1.06844640,0.54757899,0.25815734,0.19567381,0.80241251,0.29573578,0.39701444,0.88775951,0.22823936,1.03851843,0.66989493
1.23166835,1.25916159,0.33288193,0.79894060,0.92631119,0.74545598,0.80128372,0.36740887,1.15831423,0.23474997,0.76840019,0.34851336,1.11677575,0.86159360,1.04836965,1.24541402,0.57318175,0.93610865,0.57137787,0.36132234,0.38233924,0.51964521,0.97380203,0.73848069,1.17220068,0.19431233,0.45587176,0.41233116,0.43021405,1.11352634,0.57910675,0.75921243,0.00000000,0.54499942,0.17025000,1.14904690,0.18380213,0.22358000,0.36976576,0.03779531,0.56592757,0.50447392,1.20981848,0.70031816,1.33829737,0.18225491,1.24454331,0.13901132,0.66311890,0.54382867,1.20266199,0.85762972,0.95488620,0.91507733,0.75291157,1.15622687,0.53896785,0.98745179,0.27930599,0.90844119
1.77666783,0.76587540,0.85326880,1.34394002,1.47131062,1.29045534,0.95450181,0.91240829,1.70331359,0.57305121,1.15461493,0.89351279,1.66177511,1.37701726,1.59336913,1.79041338,0.20092544,1.48110807,1.11637735,0.90632176,0.92733866,0.33272013,1.51880145,1.00225198,1.71720004,0.73931175,1.00087118,0.71436739,0.97521347,1.65852571,0.09066214,0.65766418,0.54499942,0.00000000,0.71524942,0.93712074,0.72880155,0.76857942,0.89693195,0.55283409,1.09265983,0.74276155,1.10218954,1.24531758,1.88329685,0.72725433,1.78954279,0.67902029,1.20811832,1.08882809,1.20524311,0.39950684,0.71852684,1.46007681,0.95339996,1.05365133,1.08396721,0.84144741,0.79434478,1.32755911
1.06141829,1.27385020,0.34757060,0.80907267,0.75606114,0.57520598,0.81597233,0.34153336,0.98806411,0.24943864,0.78308892,0.17826337,0.94652563,0.87628227,0.87811971,1.07516408,0.58787036,0.76585865,0.42242914,0.19107234,0.21208924,0.53433383,0.80355203,0.75316930,1.00195062,0.15396398,0.28562176,0.42701983,0.37261885,0.94327635,0.62458730,0.77390110,0.17025000,0.71524942,0.00000000,1.16373563,0.01560837,0.05333000,0.35507709,0.20339614,0.58061624,0.51916260,1.22450721,0.53006816,1.16804743,0.03300756,1.07429338,0.15369999,0.49286890,0.37357867,1.21735072,0.87231839,0.96957493,0.74482727,0.76760018,1.17091560,0.36871785,1.00214052,0.26461732,0.92312980
0.83954704,0.17124537,0.81616497,0.40681922,0.67004585,1.32448888,0.34776324,0.82220221,0.79355764,0.91429698,0.38064674,1.03682017,0.84046674,0.43989655,0.65624833,0.85329270,0.73619533,0.78311515,0.74130642,1.26663792,1.28710270,0.62940174,1.11520672,0.41056627,0.78007931,1.00977159,1.05192983,0.73671579,0.79111671,0.76086116,0.84645855,0.38983449,1.14904690,0.93712074,1.16373563,0.00000000,1.17934394,1.19459522,1.51881266,1.18684220,0.58311939,0.64457303,0.16506881,0.97727048,0.94617611,1.19674313,0.85242200,1.01003551,0.89531672,1.45828092,0.26812243,0.53761393,0.21859385,0.85413712,0.39613539,0.11653055,1.27759409,0.16159514,1.42835283,0.39043835
1.04786623,1.28945863,0.36317897,0.82468110,0.74250907,0.56165385,0.83158076,0.35714173,0.97451204,0.26504701,0.79869723,0.16471124,0.93297356,0.89189065,0.86456758,1.06161189,0.60347873,0.75230652,0.43803751,0.17752022,0.19853711,0.54994226,0.78999984,0.76877773,0.98839855,0.16957235,0.27206963,0.44262820,0.38822722,0.92972422,0.63813943,0.78950948,0.18380213,0.72880155,0.01560837,1.17934394,0.00000000,0.03977787,0.33946872,0.21694827,0.59622461,0.53477097,1.24011552,0.51651603,1.15449524,0.01739919,1.06074119,0.16930836,0.47931677,0.36002654,1.23295903,0.88792676,0.98518330,0.73127520,0.78320861,1.18652391,0.35516572,1.01774883,0.24900895,0.93873823
1.00808835,1.30470991,0.37843025,0.83993238,0.70273119,0.52187598,0.84683204,0.37239301,0.93473417,0.28029829,0.81394851,0.15777516,0.89319569,0.90714192,0.82478970,1.02183402,0.61873001,0.71252865,0.45328879,0.13774234,0.15875924,0.56519353,0.75022197,0.78402901,0.94862068,0.18482363,0.23229176,0.45787948,0.40347850,0.88994634,0.67791730,0.80476075,0.22358000,0.76857942,0.05333000,1.19459522,0.03977787,0.00000000,0.32421744,0.25672615,0.61147588,0.55002224,1.25536680,0.47673815,1.11471748,0.04132509,1.02096343,0.18455964,0.43953890,0.32024866,1.24821031,0.90317804,1.00043452,0.69149733,0.79845989,1.20177531,0.31538785,1.03300011,0.23375767,0.95398951
1.06715596,1.62892735,0.70264769,1.16414976,0.84876686,0.39352345,1.17104948,0.69661045,0.80638164,0.60451573,1.13816595,0.48199260,0.76484317,1.23135936,1.13266945,0.89348149,0.94294745,0.73569757,0.77750623,0.25217479,0.23170996,0.88941097,0.62186950,1.10824645,0.85224533,0.50904107,0.46688288,0.78209692,0.72769594,0.76159382,0.94887251,1.12897825,0.36976576,0.89693195,0.35507709,1.51881266,0.33946872,0.32421744,0.00000000,0.38507867,0.93569332,0.87423968,1.57958436,0.54154223,0.98636490,0.32206953,0.89261085,0.50877708,0.62349600,0.19189614,1.57242775,1.22739553,1.32465196,0.66467559,1.12267733,1.52599263,0.24121869,1.35721755,0.11701339,1.27820694
1.26481450,1.29695690,0.37067723,0.83217937,0.95945734,0.77860212,0.83907902,0.40055501,1.19146037,0.27254528,0.80619550,0.38165951,1.14992189,0.89938891,1.08151579,1.27856016,0.61097705,0.96925479,0.60452402,0.39446849,0.41548538,0.55744052,1.00694823,0.77627599,1.20534682,0.22745848,0.48901790,0.45012647,0.46336019,1.14667249,0.61690205,0.79700774,0.03779531,0.55283409,0.20339614,1.18684220,0.21694827,0.25672615,0.38507867,0.00000000,0.60372287,0.54226923,1.24761379,0.73346430,1.37144351,0.21540105,1.27768946,0.17680663,0.69626504,0.57697481,1.24045730,0.89542502,0.99268150,0.94822347,0.79070687,1.19402218,0.57211399,1.02524710,0.26806527,0.94623649
0.68400794,0.69323403,0.23939103,0.25128016,0.37865075,0.74136955,0.23535612,0.23908287,0.61065376,0.51960862,0.20247266,0.45370072,0.56911528,0.29566604,0.50070930,0.69775361,0.89173436,0.38844824,0.15818709,0.68351853,0.70398337,0.75993967,0.53208733,0.17255312,0.62454021,0.42665225,0.46881044,0.37829244,0.20799738,0.56586593,1.00199771,0.43499565,0.56592757,1.09265983,0.58061624,0.58311939,0.59622461,0.61147588,0.93569332,0.60372287,0.00000000,0.34989828,0.64389098,0.39415109,0.79063702,0.61362380,0.69688296,0.42691624,0.31219733,0.87516153,0.63673443,0.69315302,0.38895869,0.36741689,0.18698397,0.59029937,0.69447464,0.42152426,0.84523356,0.34251359
1.03390622,0.75468767,0.17159200,0.60117841,0.72854900,0.67991590,0.29680976,0.17762923,0.96055198,0.26972395,0.41185340,0.39224708,0.91901350,0.63425577,0.85060757,1.04765189,0.54183614,0.73834652,0.37361574,0.62206489,0.64252973,0.41004142,0.77603984,0.25949043,0.97443855,0.36519861,0.40735680,0.09214276,0.23245192,0.91576421,0.65209937,0.25473851,0.50447392,0.74276155,0.51916260,0.64457303,0.53477097,0.55002224,0.87423968,0.54226923,0.34989828,0.00000000,0.70534456,0.50255603,1.14053535,0.55217016,1.04678130,0.36546260,0.46535677,0.81370789,0.69818807,0.35315576,0.45041233,0.71731520,0.24843761,0.65175295,0.63302100,0.48297787,0.78377992,0.58479750
0.67447823,0.33631420,0.87693655,0.41543448,0.73081744,1.38526058,0.40853482,0.88297379,0.85432923,0.97506857,0.44141829,1.09759164,0.90123832,0.34822488,0.49117956,0.89934868,0.90126413,0.84388673,0.80207801,1.32740951,1.34787440,0.76946944,1.17597830,0.47133783,0.72733897,1.07054317,1.11270142,0.79748738,0.85188830,0.82163280,1.01152742,0.45060605,1.20981848,1.10218954,1.22450721,0.16506881,1.24011552,1.25536680,1.57958436,1.24761379,0.64389098,0.70534456,0.00000000,1.03804207,0.78110725,1.25751472,0.89018285,1.07080722,0.95608824,1.51905251,0.10305361,0.70268273,0.38366267,0.91490877,0.45690697,0.05359160,1.33836555,0.26074213,1.48912454,0.30137736
0.53135020,1.08738518,0.39204878,0.62260759,0.30722460,0.34721845,0.62950718,0.33290929,0.45799598,0.67226636,0.59662378,0.35180479,0.41645750,0.68981713,0.59112716,0.54509586,1.04439211,0.23579049,0.23596400,0.33899581,0.31797892,0.91259742,0.27348384,0.56670421,0.47188249,0.50600582,0.24444640,0.53095019,0.27010411,0.41320819,1.15465546,0.58765340,0.70031816,1.24531758,0.53006816,0.97727048,0.51651603,0.47673815,0.54154223,0.73346430,0.39415109,0.50255603,1.03804207,0.00000000,0.63797927,0.51806325,0.54422522,0.56629729,0.08195376,0.48101044,1.03088546,0.84581077,0.78310978,0.21475914,0.58113503,0.98445046,0.30032355,0.81567538,0.46539903,0.73666465
0.15896814,1.11742151,1.03002810,0.53935689,0.41198629,0.71386403,0.92879510,0.97088856,0.18293278,1.31024563,0.72868192,0.98978406,0.22984187,0.50627953,0.28992772,0.22795220,1.68237138,0.40218878,0.76691955,0.97697508,0.95595819,1.55057669,0.50458187,0.88104492,0.16609679,1.14398503,0.88242567,1.16892946,0.90808338,0.22477110,1.79263473,1.22563267,1.33829737,1.88329685,1.16804743,0.94617611,1.15449524,1.11471748,0.98636490,1.37144351,0.79063702,1.14053535,0.78110725,0.63797927,0.00000000,1.15604258,0.21878637,1.20427656,0.67517853,0.84765601,0.67805368,1.48379004,1.16477001,0.42322016,0.92989695,0.82964557,0.79932958,1.04184937,1.10337830,0.55573779
1.04941344,1.30685782,0.38057816,0.84208030,0.74405628,0.56320107,0.84897995,0.37454093,0.97605926,0.28244621,0.81609643,0.16625845,0.93452078,0.90928984,0.86611480,1.06315911,0.62087792,0.75385374,0.45543671,0.17906743,0.20008433,0.56734145,0.79154706,0.78617692,0.98994577,0.18697155,0.27361685,0.46002740,0.40562642,0.93127143,0.63659221,0.80690867,0.18225491,0.72725433,0.03300756,1.19674313,0.01739919,0.04132509,0.32206953,0.21540105,0.61362380,0.55217016,1.25751472,0.51806325,1.15604258,0.00000000,1.06228852,0.18670756,0.48086399,0.36157376,1.25035822,0.90532595,1.00258243,0.73282242,0.80060780,1.20392323,0.35671294,1.03514802,0.23160976,0.95613742
0.37775451,1.02366734,0.93627399,0.47474834,0.31823221,0.49908739,0.83504105,0.87713450,0.08622923,1.21649158,0.63492781,0.89603001,0.12776771,0.54195791,0.44326794,0.00916582,1.58861732,0.30843472,0.67316550,0.88322103,0.86220413,1.45682263,0.28579548,0.78729081,0.16284385,1.05023098,0.78867161,1.07517540,0.81432933,0.13101703,1.69888067,1.13187861,1.24454331,1.78954279,1.07429338,0.85242200,1.06074119,1.02096343,0.89261085,1.27768946,0.69688296,1.04678130,0.89018285,0.54422522,0.21878637,1.06228852,0.00000000,1.11052251,0.58142447,0.70071471,0.88302630,1.39003599,1.07101583,0.32946607,0.83614290,0.83659124,0.70557553,0.94809532,1.00962424,0.58880544
1.09764743,1.12015033,0.19387060,0.66491973,0.79229033,0.61143512,0.66227233,0.23338801,1.02429330,0.10596907,0.62938893,0.21449250,0.98275483,0.72258228,0.91434884,1.11139321,0.47809485,0.80208778,0.43735701,0.25660229,0.27706712,0.38063386,0.83978117,0.59946936,1.03817987,0.06029147,0.32185090,0.27331984,0.29619318,0.97950548,0.58835816,0.62020111,0.13901132,0.67902029,0.15369999,1.01003551,0.16930836,0.18455964,0.50877708,0.17680663,0.42691624,0.36546260,1.07080722,0.56629729,1.20427656,0.18670756,1.11052251,0.00000000,0.52909803,0.44824529,1.06365061,0.71861839,0.81587493,0.78105640,0.61390018,1.01721561,0.40494698,0.84844047,0.41831732,0.76942980
0.56854945,1.00543141,0.35484952,0.54065382,0.26319227,0.42917222,0.54755342,0.29571003,0.49519524,0.63506711,0.51467001,0.31460553,0.45365676,0.60786337,0.50917339,0.58229512,1.00719285,0.27298975,0.15401024,0.37132120,0.39178604,0.87539816,0.31068310,0.48475045,0.50908172,0.46880656,0.20724714,0.49375093,0.23290485,0.45040745,1.11745620,0.55045414,0.66311890,1.20811832,0.49286890,0.89531672,0.47931677,0.43953890,0.62349600,0.69626504,0.31219733,0.46535677,0.95608824,0.08195376,0.67517853,0.48086399,0.58142447,0.52909803,0.00000000,0.56296420,0.94893175,0.80861151,0.70115602,0.25195840,0.49918130,0.90249670,0.38227731,0.73372161,0.53303623,0.65471089
1.00662422,1.56839561,0.64211589,1.10361791,0.78823501,0.20162731,1.11051762,0.63607866,0.66472322,0.54398394,1.07763410,0.42146081,0.61781412,1.17082763,1.07213759,0.70158535,0.88790262,0.67516577,0.71697444,0.19164300,0.17117816,0.82887918,0.42997333,1.04771459,0.79171348,0.44850928,0.40635109,0.72156513,0.66716415,0.69741970,0.99816597,1.06844640,0.54382867,1.08882809,0.37357867,1.45828092,0.36002654,0.32024866,0.19189614,0.57697481,0.87516153,0.81370789,1.51905251,0.48101044,0.84765601,0.36157376,0.70071471,0.44824529,0.56296420,0.00000000,1.51189590,1.16686368,1.26412022,0.60414374,1.06214547,1.46546078,0.18068689,1.29668581,0.30890954,1.21767509
0.57142460,0.43936780,0.86978006,0.40827796,0.72366095,1.37810397,0.40137830,0.87581730,0.84717274,0.96791202,0.43426177,1.09043515,0.89408183,0.34106839,0.43975836,0.89219213,1.00431776,0.83673018,0.79492152,1.32025290,1.34071779,0.87252307,1.16882181,0.46418130,0.72018248,1.06338668,1.10554481,0.79033083,0.84473181,0.81447625,1.11458099,0.54757899,1.20266199,1.20524311,1.21735072,0.26812243,1.23295903,1.24821031,1.57242775,1.24045730,0.63673443,0.69818807,0.10305361,1.03088546,0.67805368,1.25035822,0.88302630,1.06365061,0.94893175,1.51189590,0.00000000,0.80573636,0.48671627,0.90775216,0.44975045,0.15159187,1.33120906,0.36379570,1.48196793,0.29422086
1.37716103,0.40153190,0.52474773,0.94443321,1.07180381,1.03307176,0.55499494,0.53078502,1.30380678,0.62287974,0.75510812,0.74540287,1.26226830,0.97751045,1.19386232,1.39090657,0.28444797,1.08160126,0.71687049,0.97522068,0.99568552,0.33798450,1.11929464,0.60274518,1.31769323,0.71835440,0.76051259,0.44529852,0.57570666,1.25901890,0.30884469,0.25815734,0.85762972,0.39950684,0.87231839,0.53761393,0.88792676,0.90317804,1.22739553,0.89542502,0.69315302,0.35315576,0.70268273,0.84581077,1.48379004,0.90532595,1.39003599,0.71861839,0.80861151,1.16686368,0.80573636,0.00000000,0.31902009,1.06056988,0.55389309,0.65414447,0.98617679,0.44194064,1.13693571,0.92805225
1.05814087,0.30427536,0.62200433,0.62541306,0.75278372,1.13032818,0.23597488,0.62804157,0.98478669,0.72013628,0.43608806,0.84265947,0.94324821,0.65849042,0.87484229,1.07188654,0.51760149,0.76258111,0.54714578,1.07247722,1.09294200,0.43524107,0.92104608,0.28372508,0.99867314,0.81561095,0.85776913,0.54255509,0.59695607,0.93999887,0.62786472,0.19567381,0.95488620,0.71852684,0.96957493,0.21859385,0.98518330,1.00043452,1.32465196,0.99268150,0.38895869,0.45041233,0.38366267,0.78310978,1.16477001,1.00258243,1.07101583,0.81587493,0.70115602,1.26412022,0.48671627,0.31902009,0.00000000,0.74154979,0.23487303,0.33512440,1.08343339,0.12292056,1.23419225,0.60903215
0.40248039,0.96425176,0.60680795,0.49947423,0.18409127,0.47035179,0.50637388,0.54766846,0.24323684,0.88702548,0.47349042,0.56656396,0.20169836,0.56668377,0.46799383,0.33033672,1.25915122,0.07102200,0.34369943,0.55375493,0.53273809,1.12735665,0.26106960,0.45782474,0.25712335,0.72076499,0.45920554,0.74570930,0.48486325,0.19844905,1.36941457,0.80241251,0.91507733,1.46007681,0.74482727,0.85413712,0.73127520,0.69149733,0.66467559,0.94822347,0.36741689,0.71731520,0.91490877,0.21475914,0.42322016,0.73282242,0.32946607,0.78105640,0.25195840,0.60414374,0.90775216,1.06056988,0.74154979,0.00000000,0.50667679,0.86131710,0.42345688,0.69254202,0.68015820,0.61353135
0.82326782,0.50625008,0.42002961,0.39054006,0.51791066,0.92835355,0.04837215,0.42606685,0.74991363,0.51816154,0.20121503,0.64068472,0.70837516,0.42361739,0.63996923,0.83701348,0.75247449,0.52770817,0.34517106,0.87050247,0.89096737,0.62067980,0.71907133,0.04885206,0.76380014,0.61363626,0.65579438,0.34058037,0.39498135,0.70512581,0.86273777,0.29573578,0.75291157,0.95339996,0.76760018,0.39613539,0.78320861,0.79845989,1.12267733,0.79070687,0.18698397,0.24843761,0.45690697,0.58113503,0.92989695,0.80060780,0.83614290,0.61390018,0.49918130,1.06214547,0.44975045,0.55389309,0.23487303,0.50667679,0.00000000,0.40331537,0.88145864,0.23454027,1.03221750,0.37415916
0.72301650,0.28777593,0.82334495,0.36184287,0.67722583,1.33166885,0.35494322,0.82938218,0.80073762,0.92147690,0.38782668,1.04400003,0.84764671,0.32336602,0.53971779,0.84575701,0.85272586,0.79029512,0.74848640,1.27381778,1.29428267,0.72093117,1.12238669,0.41774622,0.67374736,1.01695156,1.05910969,0.74389577,0.79829669,0.76804113,0.96298921,0.39701444,1.15622687,1.05365133,1.17091560,0.11653055,1.18652391,1.20177531,1.52599263,1.19402218,0.59029937,0.65175295,0.05359160,0.98445046,0.82964557,1.20392323,0.83659124,1.01721561,0.90249670,1.46546078,0.15159187,0.65414447,0.33512440,0.86131710,0.40331537,0.00000000,1.28477395,0.21220385,1.43553293,0.27390778
0.82593727,1.38770866,0.46142900,0.92293108,0.60754812,0.20648813,0.92983079,0.45539176,0.61934626,0.51091605,0.89694726,0.24077392,0.57780778,0.99014068,0.89145070,0.70644617,0.88304186,0.49447888,0.53628755,0.17764550,0.15662861,0.75124711,0.43483415,0.86702776,0.63323277,0.34465551,0.22566420,0.54087824,0.48647726,0.57455850,0.99330515,0.88775951,0.53896785,1.08396721,0.36871785,1.27759409,0.35516572,0.31538785,0.24121869,0.57211399,0.69447464,0.63302100,1.33836555,0.30032355,0.79932958,0.35671294,0.70557553,0.40494698,0.38227731,0.18068689,1.33120906,0.98617679,1.08343339,0.42345688,0.88145864,1.28477395,0.00000000,1.11599886,0.30404872,1.03698826
0.93522036,0.27170980,0.65456986,0.50249255,0.62986314,1.16289377,0.18616812,0.66060710,0.86186612,0.75270188,0.31316748,0.87522495,0.82032764,0.53556991,0.75192165,0.94896603,0.64052206,0.63966060,0.57971132,1.10504282,1.12550759,0.50872731,0.95361161,0.24897112,0.87575263,0.84817648,0.89033473,0.57512063,0.62952161,0.81707835,0.75078529,0.22823936,0.98745179,0.84144741,1.00214052,0.16159514,1.01774883,1.03300011,1.35721755,1.02524710,0.42152426,0.48297787,0.26074213,0.81567538,1.04184937,1.03514802,0.94809532,0.84844047,0.73372161,1.29668581,0.36379570,0.44194064,0.12292056,0.69254202,0.23454027,0.21220385,1.11599886,0.00000000,1.26675773,0.48611161
0.99674922,1.53846765,0.61218792,1.07369006,0.75830710,0.51053685,1.08058977,0.60615069,0.92339504,0.51405597,1.04770625,0.39153284,0.88185656,1.14089966,1.04220963,1.01049495,0.85248774,0.70118952,0.68704647,0.16171503,0.14742011,0.79895115,0.73888290,1.01778674,0.93728155,0.41858131,0.37642312,0.69163716,0.63723618,0.87860721,0.85841274,1.03851843,0.27930599,0.79434478,0.26461732,1.42835283,0.24900895,0.23375767,0.11701339,0.26806527,0.84523356,0.78377992,1.48912454,0.46539903,1.10337830,0.23160976,1.00962424,0.41831732,0.53303623,0.30890954,1.48196793,1.13693571,1.23419225,0.68015820,1.03221750,1.43553293,0.30404872,1.26675773,0.00000000,1.18774712
0.44910869,0.56168371,0.57555926,0.11405712,0.42944008,1.08388305,0.37305731,0.58159649,0.55295187,0.75450790,0.17294413,0.79621434,0.59986097,0.04945825,0.26581004,0.59797126,1.12663364,0.54250932,0.50070071,1.02603209,1.04649699,0.99483895,0.87460101,0.32530710,0.42596161,0.76916587,0.81132400,0.61319172,0.55051100,0.52025539,1.23689699,0.66989493,0.90844119,1.32755911,0.92312980,0.39043835,0.93873823,0.95398951,1.27820694,0.94623649,0.34251359,0.58479750,0.30137736,0.73666465,0.55573779,0.95613742,0.58880544,0.76942980,0.65471089,1.21767509,0.29422086,0.92805225,0.60903215,0.61353135,0.37415916,0.27390778,1.03698826,0.48611161,1.18774712,0.00000000
