0.00000000,0.81770665,0.70197291,0.31357705,0.26545887,0.70648372,0.58598242,0.66492422,0.24726208,0.91179186,0.44271443,0.74912579,0.28668236,0.30551861,0.13764157,0.27376659,1.11767427,0.31402245,0.50984335,0.84311816,0.84241616,1.02873178,0.50338536,0.54836495,0.15767530,0.83294650,0.69360944,0.77773413,0.61545191,0.23405654,1.19511632,0.79246168,1.00083965,1.26289359,0.90378793,0.67410421,0.90209543,0.88549415,0.97794605,1.03446929,0.49251867,0.74369979,0.59895897,0.52848974,0.13535256,0.91006109,0.26726788,0.87080910,0.50994247,0.86209502,0.53936336,0.98036958,0.77005398,0.36209140,0.58346061,0.60550968,0.76223565,0.69237736,0.98677365,0.35088540
0.81770665,0.00000000,0.65788739,0.52448873,0.74373693,1.08010916,0.35016576,0.66734050,0.92071004,0.73708900,0.44269923,0.81601183,0.92364529,0.51553601,0.68228214,0.98734345,0.62838557,0.80914066,0.65106432,0.97856343,0.99455689,0.60601486,1.01693414,0.40434054,0.86840475,0.79210192,0.83832284,0.59990620,0.65423256,0.88187970,0.67763838,0.36170349,0.90395634,0.75507744,0.90145923,0.14396217,0.91216173,0.92257121,1.15554752,0.93451175,0.54192319,0.53389501,0.24035597,0.84031875,0.94023832,0.92449147,0.98249780,0.79444334,0.77668237,1.13229039,0.31323815,0.38435257,0.21774455,0.84014790,0.38174246,0.21611403,1.00670695,0.19942085,1.08790618,0.46823789
0.70197291,0.65788739,0.00000000,0.47630999,0.44906929,0.47409140,0.33885714,0.04203527,0.60128495,0.20994258,0.37449011,0.15860051,0.57195847,0.52623595,0.60525497,0.66285080,0.49157698,0.44456408,0.19342942,0.32073388,0.33709694,0.39105718,0.51592617,0.30553751,0.61998251,0.15885486,0.19668694,0.11314986,0.08802817,0.57074394,0.56665493,0.33167670,0.32081177,0.61694764,0.26443777,0.58015363,0.27146921,0.27420954,0.49780530,0.35634686,0.23623964,0.14431851,0.64458488,0.29971421,0.74269930,0.28347785,0.66211194,0.18432086,0.25708284,0.48363261,0.66347695,0.49054059,0.45002487,0.42991728,0.30532861,0.59918696,0.36478658,0.46292629,0.43597839,0.52736121
0.31357705,0.52448873,0.47630999,0.00000000,0.24050954,0.68681262,0.27541762,0.44989590,0.40110969,0.67359472,0.13512795,0.57802380,0.41050245,0.05296809,0.17777220,0.46557033,0.82322920,0.31810878,0.31723652,0.71526499,0.72214984,0.74096124,0.55181674,0.24482226,0.34395312,0.63037402,0.54948944,0.52073319,0.40401189,0.36329139,0.89918013,0.48590716,0.79666559,0.97062056,0.72451721,0.38163310,0.72749373,0.71990493,0.88177691,0.83213306,0.24013962,0.47194459,0.33987429,0.44573902,0.42215066,0.73803810,0.46040626,0.66016349,0.39417893,0.80095402,0.30489974,0.66931086,0.45656462,0.36260326,0.27770624,0.32802270,0.67800722,0.38064020,0.85759272,0.08147810
0.26545887,0.74373693,0.44906929,0.24050954,0.00000000,0.48010640,0.43067240,0.40958719,0.18585013,0.65822809,0.30335457,0.48392853,0.18072078,0.27862902,0.21851653,0.25517582,0.90076313,0.08025163,0.25598410,0.58100532,0.58166344,0.80561783,0.31656246,0.37904198,0.17388752,0.57062945,0.42845571,0.53731177,0.36108899,0.14713420,0.97882874,0.60849769,0.73739219,1.04068575,0.63849745,0.60593738,0.63667272,0.62007388,0.72467787,0.77059617,0.27471131,0.51547675,0.57894058,0.26968481,0.29433276,0.64460447,0.25166353,0.60963801,0.24496645,0.61951887,0.54519583,0.80377951,0.62974203,0.13041433,0.41428154,0.56261625,0.50948484,0.57238525,0.72562133,0.32022123
0.70648372,1.08010916,0.47409140,0.68681262,0.48010640,0.00000000,0.73036219,0.44452869,0.47557327,0.58434844,0.67427393,0.34663871,0.43136746,0.73584501,0.69722637,0.49298497,0.93474940,0.40585343,0.43035158,0.27468654,0.25811964,0.83678047,0.21902162,0.67761190,0.55451412,0.44877962,0.28120054,0.58195991,0.43810007,0.47600000,1.00220948,0.79812393,0.54151847,1.03490068,0.42231715,0.96930806,0.41019636,0.38028075,0.31034049,0.55909206,0.54256423,0.61735492,0.98853193,0.24758643,0.65614893,0.40835917,0.49708657,0.48617578,0.30900501,0.17110504,0.97632773,0.96463115,0.89575221,0.35355494,0.69837191,0.95640427,0.14972722,0.88145622,0.36839897,0.76687003
0.58598242,0.35016576,0.33885714,0.27541762,0.43067240,0.73036219,0.00000000,0.33679684,0.61621901,0.48294150,0.14339910,0.48914159,0.60950483,0.30179187,0.45256188,0.68543654,0.55673504,0.48313841,0.30089861,0.65063505,0.66449097,0.48266586,0.67357389,0.05578664,0.58452749,0.49222040,0.49899933,0.32322484,0.31384017,0.57719134,0.63070658,0.21199358,0.63629702,0.70463106,0.60127054,0.24621269,0.60928941,0.61306265,0.82905704,0.67081716,0.19297688,0.25780803,0.30717453,0.49033313,0.68255277,0.62145329,0.68164444,0.50719559,0.42669435,0.79097820,0.33464592,0.39445802,0.19909532,0.50597457,0.03421315,0.26059098,0.66383227,0.15401274,0.77400046,0.27445808
0.66492422,0.66734050,0.04203527,0.44989590,0.40958719,0.44452869,0.33679684,0.00000000,0.55962115,0.24864097,0.35611470,0.15234478,0.53003971,0.50090815,0.57177577,0.62095136,0.53239543,0.40308017,0.15515715,0.31429294,0.32890377,0.43197824,0.47621647,0.29792288,0.57961712,0.18047809,0.17406958,0.15252563,0.04955198,0.52936472,0.60782519,0.35484956,0.34771880,0.65875106,0.27885181,0.58164733,0.28395568,0.28227938,0.49269952,0.38301870,0.21172061,0.17368385,0.63861557,0.25968707,0.70263417,0.29543434,0.62024870,0.21183878,0.21539515,0.46675475,0.65299625,0.52191986,0.46477210,0.38791787,0.30266588,0.59490522,0.34410329,0.46980699,0.43873237,0.50527449
0.24726208,0.92071004,0.60128495,0.40110969,0.18585013,0.47557327,0.61621901,0.55962115,0.00000000,0.80376330,0.48557471,0.59789374,0.04430524,0.42579973,0.29839087,0.06932942,1.07344308,0.15729642,0.41666795,0.65536279,0.65027835,0.97608234,0.26220494,0.56487601,0.09033095,0.69858716,0.52923599,0.70044469,0.51484740,0.03921100,1.15122750,0.79258281,0.85675678,1.20969691,0.74609061,0.77999523,0.74111566,0.71922150,0.76689187,0.88720078,0.45671777,0.68733419,0.73865702,0.34893460,0.18146403,0.74674301,0.06603394,0.74028356,0.35747254,0.64009738,0.69490133,0.98794156,0.81519372,0.17724846,0.60013120,0.72912337,0.55582414,0.75570823,0.79234572,0.47272994
0.91179186,0.73708900,0.20994258,0.67359472,0.65822809,0.58434844,0.48294150,0.24864097,0.80376330,0.00000000,0.55812139,0.24259796,0.77161211,0.72086560,0.81240228,0.86246863,0.35567797,0.64875879,0.40319285,0.34293833,0.36366450,0.26355674,0.68366958,0.46795188,0.82778212,0.13556913,0.31778352,0.16047639,0.29741204,0.77517660,0.41909472,0.37564627,0.16717424,0.45108176,0.20302705,0.69587558,0.21737995,0.24165928,0.48494226,0.19751723,0.43570157,0.22533598,0.78445716,0.47744514,0.95104163,0.22754611,0.86228109,0.10098350,0.44926077,0.53006806,0.81747182,0.45721810,0.51949949,0.62866265,0.45450883,0.73487961,0.44329446,0.56506489,0.39182115,0.71524189
0.44271443,0.44269923,0.37449011,0.13512795,0.30335457,0.67427393,0.14339910,0.35611470,0.48557471,0.55812139,0.00000000,0.49936852,0.48406914,0.17051073,0.31027039,0.55404867,0.68834365,0.36645503,0.25645426,0.65062658,0.66080142,0.60720267,0.57974575,0.10979448,0.44623573,0.53304545,0.48695900,0.40037676,0.31675744,0.44636821,0.76414253,0.35145733,0.69356687,0.83586115,0.63492924,0.30999651,0.64001343,0.63699908,0.82517342,0.72907263,0.14972243,0.34589038,0.31432350,0.42672407,0.54030884,0.65140254,0.54978309,0.55781748,0.36588783,0.76342101,0.30914924,0.53765703,0.33537280,0.39843448,0.14270141,0.28337536,0.63620183,0.27023829,0.78679277,0.15735491
0.74912579,0.81601183,0.15860051,0.57802380,0.48392853,0.34663871,0.48914159,0.15234478,0.59789374,0.24259796,0.49936852,0.00000000,0.56070562,0.63060573,0.67571413,0.64951177,0.58828424,0.45256736,0.26172208,0.16275794,0.17858554,0.49014187,0.44560652,0.44945416,0.63857174,0.11070135,0.07666201,0.24713931,0.18309169,0.57506442,0.65671380,0.48693681,0.25889808,0.69304493,0.15473425,0.73379071,0.15401761,0.14230486,0.34082881,0.28997468,0.35035974,0.29713945,0.79001692,0.25230217,0.76200881,0.16312153,0.65034153,0.15284705,0.24392607,0.32846406,0.80194284,0.63232403,0.60856183,0.42093215,0.45500733,0.74685353,0.21707716,0.61997160,0.28827211,0.64123062
0.28668236,0.92364529,0.57195847,0.41050245,0.18072078,0.43136746,0.60950483,0.53003971,0.04430524,0.77161211,0.48406914,0.56070562,0.00000000,0.43983566,0.32487626,0.09097087,1.04978466,0.13403316,0.39197673,0.61332353,0.60781602,0.95156068,0.21900174,0.55667999,0.12905990,0.66317524,0.49066821,0.67392344,0.48672491,0.05633650,1.12729336,0.77823779,0.81927093,1.18408650,0.70725296,0.78470001,0.70188228,0.67941356,0.72288946,0.84920440,0.44165588,0.66443970,0.75012211,0.30996138,0.22572016,0.70719941,0.09068300,0.70518106,0.32311993,0.59580304,0.70986043,0.97333873,0.80852605,0.14294948,0.59128069,0.73767184,0.51231926,0.75292899,0.74942685,0.48555819
0.30551861,0.51553601,0.52623595,0.05296809,0.27862902,0.73584501,0.30179187,0.50090815,0.42579973,0.72086560,0.17051073,0.63060573,0.43983566,0.00000000,0.16814847,0.48715179,0.85626326,0.35813091,0.37007829,0.76823067,0.77508381,0.77700880,0.59383433,0.27893175,0.36017480,0.68132668,0.60245755,0.56610143,0.45558928,0.38946246,0.93126487,0.51378538,0.84693486,1.00406099,0.77646873,0.37157664,0.77963216,0.77236751,0.93453942,0.88244241,0.29006688,0.51469158,0.31368047,0.49658458,0.42471097,0.79025311,0.48160962,0.71039602,0.44610803,0.85261076,0.27003148,0.69120997,0.47027287,0.40498728,0.30924383,0.30933345,0.73015645,0.38902145,0.91054347,0.04817058
0.13764157,0.68228214,0.60525497,0.17777220,0.21851653,0.69722637,0.45256188,0.57177577,0.29839087,0.81240228,0.31027039,0.67571413,0.32487626,0.16814847,0.00000000,0.34894324,0.99370365,0.29170976,0.42051283,0.78971666,0.79225137,0.90785751,0.51821512,0.41833955,0.21676228,0.74777212,0.63020849,0.66915809,0.52255139,0.26894134,1.07049279,0.66164846,0.91681541,1.14023290,0.82938049,0.53840903,0.82965186,0.81666168,0.94020335,0.95152386,0.38046640,0.62861720,0.46956909,0.48506247,0.25927791,0.83881672,0.34276127,0.78271176,0.45148407,0.83786654,0.41474641,0.84684127,0.63332705,0.34408218,0.45258172,0.47222798,0.72600779,0.55489103,0.93485366,0.21428503
0.27376659,0.98734345,0.66285080,0.46557033,0.25517582,0.49298497,0.68543654,0.62095136,0.06932942,0.86246863,0.55404867,0.64951177,0.09097087,0.48715179,0.34894324,0.00000000,1.13918601,0.22220018,0.48155285,0.69456971,0.68777662,1.04130308,0.27413232,0.63418912,0.13218836,0.75303464,0.57831495,0.76428098,0.57740951,0.10824536,1.21682380,0.86153664,0.90759231,1.27425051,0.79426247,0.84596687,0.78839771,0.76514499,0.79404965,0.93701780,0.52541352,0.75339633,0.80077468,0.39772186,0.17405392,0.79328124,0.00651039,0.79517067,0.41369493,0.66191194,0.75446373,1.05688343,0.88436789,0.23384232,0.66945734,0.79313410,0.58813352,0.82426969,0.82732566,0.53469793
1.11767427,0.62838557,0.49157698,0.82322920,0.90076313,0.93474940,0.55673504,0.53239543,1.07344308,0.35567797,0.68834365,0.58828424,1.04978466,0.85626326,0.99370365,1.13918601,0.00000000,0.91701145,0.65780804,0.69812277,0.71886539,0.10058827,1.00689783,0.57855336,1.07408460,0.48894509,0.65823651,0.38045731,0.56826718,1.03894709,0.07808041,0.34872460,0.47271777,0.14790475,0.55232268,0.66091012,0.56693903,0.59374146,0.82872640,0.48475202,0.63057230,0.38620405,0.78025106,0.79116408,1.18987014,0.57554820,1.13753914,0.45666104,0.74715689,0.88516339,0.83812276,0.24530106,0.45475797,0.91183801,0.54704692,0.73043925,0.79755447,0.53939235,0.72868663,0.83117455
0.31402245,0.80914066,0.44456408,0.31810878,0.08025163,0.40585343,0.48313841,0.40308017,0.15729642,0.64875879,0.36645503,0.45256736,0.13403316,0.35813091,0.29170976,0.22220018,0.91701145,0.00000000,0.25959247,0.53111843,0.52946391,0.81927490,0.23633199,0.42900805,0.18617573,0.54846829,0.38915858,0.54315936,0.35776625,0.12643630,0.99468173,0.64526331,0.71070581,1.05259536,0.60473607,0.67423715,0.60123307,0.58181310,0.66427128,0.74244543,0.30894201,0.53120123,0.65411164,0.21597853,0.30944199,0.60802287,0.22053946,0.58942248,0.20870146,0.55214690,0.62298429,0.84012741,0.68132125,0.05237577,0.46272519,0.63532890,0.44845857,0.63065555,0.67379469,0.39868138
0.50984335,0.65106432,0.19342942,0.31723652,0.25598410,0.43035158,0.30089861,0.15515715,0.41666795,0.40319285,0.25645426,0.26172208,0.39197673,0.37007829,0.42051283,0.48155285,0.65780804,0.25959247,0.00000000,0.40006027,0.40842942,0.55975049,0.38842411,0.24740016,0.42812027,0.32730106,0.23433793,0.28428246,0.10584964,0.38360615,0.73534278,0.40862590,0.49634916,0.79303568,0.41191623,0.53929035,0.41357697,0.40400129,0.57125835,0.53101385,0.11310542,0.27289749,0.56724354,0.19013759,0.55011057,0.42357955,0.48005950,0.36297142,0.12675876,0.50735161,0.56559586,0.59845786,0.47835836,0.25579294,0.26991173,0.53111509,0.37990442,0.45368032,0.54094239,0.38425182
0.84311816,0.97856343,0.32073388,0.71526499,0.58100532,0.27468654,0.65063505,0.31429294,0.65536279,0.34293833,0.65062658,0.16275794,0.61332353,0.76823067,0.78971666,0.69456971,0.69812277,0.53111843,0.40006027,0.00000000,0.02074270,0.60625441,0.44612931,0.60912284,0.71330504,0.21664790,0.16589026,0.39853729,0.33975464,0.64094498,0.75851445,0.64444348,0.26868334,0.78154960,0.15345606,0.89591300,0.13988148,0.10991609,0.17843808,0.28458104,0.50095881,0.45481681,0.94878348,0.31516002,0.83211579,0.13592354,0.69686675,0.24239502,0.33834937,0.18713043,0.95718908,0.77714760,0.76989422,0.48826296,0.61643773,0.90672980,0.12585301,0.78272866,0.14513704,0.78427763
0.84241616,0.99455689,0.33709694,0.72214984,0.58166344,0.25811964,0.66449097,0.32890377,0.65027835,0.36366450,0.66080142,0.17858554,0.60781602,0.77508381,0.79225137,0.68777662,0.71886539,0.52946391,0.40842942,0.02074270,0.00000000,0.62695369,0.43553211,0.62206439,0.71026236,0.23692474,0.17423165,0.41730239,0.35234507,0.63701050,0.77921427,0.66250080,0.28743930,0.80202542,0.17349538,0.91014533,0.15973249,0.12992715,0.16524841,0.30222530,0.51133339,0.47271194,0.96107702,0.31393202,0.82809370,0.15523948,0.69024542,0.26308573,0.34083245,0.16640432,0.96818261,0.79686765,0.78680513,0.48542201,0.63027851,0.91954410,0.11095706,0.79816811,0.14436812,0.79225383
1.02873178,0.60601486,0.39105718,0.74096124,0.80561783,0.83678047,0.48266586,0.43197824,0.97608234,0.26355674,0.60720267,0.49014187,0.95156068,0.77700880,0.90785751,1.04130308,0.10058827,0.81927490,0.55975049,0.60625441,0.62695369,0.00000000,0.90630988,0.49807724,0.97932787,0.39369912,0.55899725,0.28033099,0.46848129,0.94208340,0.17624945,0.28546550,0.39692166,0.23529121,0.46467264,0.61702780,0.47922695,0.50468658,0.74477744,0.41402209,0.53835416,0.29014146,0.73089754,0.69059636,1.09650368,0.48863766,1.03979233,0.36387218,0.64692839,0.79332842,0.78352039,0.24361239,0.41126734,0.81284653,0.46885851,0.68006548,0.70161435,0.48869547,0.64742155,0.75527043
0.50338536,1.01693414,0.51592617,0.55181674,0.31656246,0.21902162,0.67357389,0.47621647,0.26220494,0.68366958,0.57974575,0.44560652,0.21900174,0.59383433,0.51821512,0.27413232,1.00689783,0.23633199,0.38842411,0.44612931,0.43553211,0.90630988,0.00000000,0.61779511,0.34687121,0.55620172,0.36895508,0.62863722,0.44750540,0.26933589,1.08094807,0.79615395,0.68899766,1.12656777,0.56923232,0.88939260,0.56045222,0.53344896,0.52422299,0.71381940,0.48203403,0.64176864,0.88218204,0.21658696,0.44014759,0.56266997,0.27837021,0.59845356,0.26914273,0.38895820,0.85570530,0.98271298,0.86277611,0.18921671,0.64681621,0.85910317,0.32821515,0.82709840,0.56745418,0.63304838
0.54836495,0.40434054,0.30553751,0.24482226,0.37904198,0.67761190,0.05578664,0.29792288,0.56487601,0.46795188,0.10979448,0.44945416,0.55667999,0.27893175,0.41833955,0.63418912,0.57855336,0.42900805,0.24740016,0.60912284,0.62206439,0.49807724,0.61779511,0.00000000,0.53697642,0.46270112,0.45351357,0.30761262,0.26976820,0.52602365,0.65436845,0.24410097,0.61417982,0.72609758,0.56992740,0.29394449,0.57697244,0.57849132,0.78717930,0.64926704,0.13774643,0.24707736,0.34069551,0.43602440,0.63885195,0.58893884,0.63057826,0.48158190,0.37240029,0.74337115,0.35823854,0.43445264,0.25232052,0.45075416,0.03601925,0.29761871,0.61579807,0.20957661,0.73665526,0.25952964
0.15767530,0.86840475,0.61998251,0.34395312,0.17388752,0.55451412,0.58452749,0.57961712,0.09033095,0.82778212,0.44623573,0.63857174,0.12905990,0.36017480,0.21676228,0.13218836,1.07408460,0.18617573,0.42812027,0.71330504,0.71026236,0.97932787,0.34687121,0.53697642,0.00000000,0.73282153,0.57516572,0.71084254,0.53200407,0.07853023,1.15216375,0.77433759,0.89633726,1.21446208,0.79091126,0.72554662,0.78736000,0.76768960,0.83640957,0.92831754,0.44554129,0.68920758,0.67352059,0.39950562,0.12393085,0.79406518,0.12599919,0.77323598,0.39464571,0.71472426,0.62480502,0.96877582,0.78119016,0.22504980,0.57294159,0.66866751,0.62222875,0.71482154,0.85405326,0.40820546
0.83294650,0.79210192,0.15885486,0.63037402,0.57062945,0.44877962,0.49222040,0.18047809,0.69858716,0.13556913,0.53304545,0.11070135,0.66317524,0.68132668,0.74777212,0.75303464,0.48894509,0.54846829,0.32730106,0.21664790,0.23692474,0.39369912,0.55620172,0.46270112,0.73282153,0.00000000,0.18733746,0.19388362,0.22744183,0.67339097,0.55416516,0.44214724,0.16904866,0.58642138,0.11019053,0.72758747,0.12013586,0.13231850,0.37680694,0.20382758,0.39171865,0.25824594,0.79929439,0.35853746,0.85674384,0.13248347,0.75349688,0.04263292,0.34123271,0.40207104,0.82093950,0.56191656,0.57691127,0.52140398,0.45955585,0.75266193,0.30863915,0.60408405,0.29737117,0.68470834
0.69360944,0.83832284,0.19668694,0.54948944,0.42845571,0.28120054,0.49899933,0.17406958,0.52923599,0.31778352,0.48695900,0.07666201,0.49066821,0.60245755,0.63020849,0.57831495,0.65823651,0.38915858,0.23433793,0.16589026,0.17423165,0.55899725,0.36895508,0.45351357,0.57516572,0.18733746,0.00000000,0.30120119,0.18531294,0.50854227,0.72828378,0.52733350,0.32958368,0.76694251,0.21688744,0.74519139,0.21243382,0.19276007,0.33821812,0.35870592,0.33779312,0.34099864,0.79005375,0.18073193,0.69764787,0.21890305,0.57944690,0.22950286,0.18368321,0.29398778,0.79498345,0.68557221,0.63854761,0.35354750,0.46493001,0.74983305,0.17004307,0.63957478,0.30863768,0.61845439
0.77773413,0.59990620,0.11314986,0.52073319,0.53731177,0.58195991,0.32322484,0.15252563,0.70044469,0.16047639,0.40037676,0.24713931,0.67392344,0.56610143,0.66915809,0.76428098,0.38045731,0.54315936,0.28428246,0.39853729,0.41730239,0.28033099,0.62863722,0.30761262,0.71084254,0.19388362,0.30120119,0.00000000,0.18841463,0.66783907,0.45652071,0.24853760,0.31520033,0.51032814,0.30194926,0.54422844,0.31315178,0.32603111,0.56789322,0.34901705,0.28870143,0.06817814,0.62705347,0.41217391,0.83135281,0.32541610,0.76308407,0.19487580,0.36670440,0.57483782,0.65786847,0.38563450,0.38365566,0.53379312,0.29422062,0.57814121,0.46322421,0.41648115,0.49125295,0.55773165
0.61545191,0.65423256,0.08802817,0.40401189,0.36108899,0.43810007,0.31384017,0.04955198,0.51484740,0.29741204,0.31675744,0.18309169,0.48672491,0.45558928,0.52255139,0.57740951,0.56826718,0.35776625,0.10584964,0.33975464,0.35234507,0.46848129,0.44750540,0.26976820,0.53200407,0.22744183,0.18531294,0.18841463,0.00000000,0.48364816,0.64472869,0.36184596,0.39572601,0.69847134,0.32126789,0.56005212,0.32514551,0.32054058,0.51752748,0.43087198,0.16890317,0.19430512,0.60903065,0.23195844,0.65467272,0.33616701,0.57645413,0.26043797,0.18041937,0.47854795,0.61906603,0.53904442,0.45948044,0.34573396,0.27971959,0.56719932,0.35248228,0.45507738,0.47128020,0.46217408
0.23405654,0.88187970,0.57074394,0.36329139,0.14713420,0.47600000,0.57719134,0.52936472,0.03921100,0.77517660,0.44636821,0.57506442,0.05633650,0.38946246,0.26894134,0.10824536,1.03894709,0.12643630,0.38360615,0.64094498,0.63701050,0.94208340,0.26933589,0.52602365,0.07853023,0.67339097,0.50854227,0.66783907,0.48364816,0.00000000,1.11683643,0.75477968,0.83385523,1.17618013,0.72528548,0.74139562,0.72094208,0.70004633,0.75977484,0.86496175,0.41940220,0.65274307,0.70163753,0.32982873,0.19117139,0.72706931,0.10455757,0.71467436,0.33237415,0.63676907,0.65910419,0.95013325,0.77612733,0.15505229,0.56134987,0.69128878,0.54641114,0.71649732,0.78022300,0.43600725
1.19511632,0.67763838,0.56665493,0.89918013,0.97882874,1.00220948,0.63070658,0.60782519,1.15122750,0.41909472,0.76414253,0.65671380,1.12729336,0.93126487,1.07049279,1.21682380,0.07808041,0.99468173,0.73534278,0.75851445,0.77921427,0.17624945,1.08094807,0.65436845,1.15216375,0.55416516,0.72828378,0.45652071,0.64472869,1.11683643,0.00000000,0.42067171,0.52047431,0.07849944,0.60938588,0.72156910,0.62393706,0.65183043,0.88046296,0.52819037,0.70858066,0.46411404,0.84290720,0.86577918,1.26791059,0.63171656,1.21522030,0.51954274,0.82297577,0.94485039,0.90308140,0.29407489,0.51740910,0.98895508,0.62230404,0.79385638,0.86238885,0.60432782,0.77844295,0.90508983
0.79246168,0.36170349,0.33167670,0.48590716,0.60849769,0.79812393,0.21199358,0.35484956,0.79258281,0.37564627,0.35145733,0.48693681,0.77823779,0.51378538,0.66164846,0.86153664,0.34872460,0.64526331,0.40862590,0.64444348,0.66250080,0.28546550,0.79615395,0.24410097,0.77433759,0.44214724,0.52733350,0.24853760,0.36184596,0.75477968,0.42067171,0.00000000,0.54272317,0.49605591,0.54874356,0.33916583,0.56052910,0.57443105,0.81603947,0.57292327,0.33658599,0.18991219,0.44757606,0.58754469,0.88060315,0.57268857,0.85859679,0.43880833,0.52844679,0.81470241,0.49824204,0.19536014,0.14490085,0.65553139,0.20916422,0.39650113,0.69636602,0.20720703,0.73941418,0.48529807
1.00083965,0.90395634,0.32081177,0.79666559,0.73739219,0.54151847,0.63629702,0.34771880,0.85675678,0.16717424,0.69356687,0.25889808,0.81927093,0.84693486,0.91681541,0.90759231,0.47271777,0.71070581,0.49634916,0.26868334,0.28743930,0.39692166,0.68899766,0.61417982,0.89633726,0.16904866,0.32958368,0.31520033,0.39572601,0.83385523,0.52047431,0.54272317,0.00000000,0.53023076,0.12083215,0.85850681,0.13172155,0.16134229,0.36095929,0.03554681,0.55686890,0.38314736,0.94183908,0.50987875,1.02003390,0.13321371,0.90858549,0.13653890,0.50204866,0.44236595,0.97013341,0.61510033,0.68626507,0.67983025,0.60566774,0.89319301,0.39179758,0.72902073,0.25806863,0.84783989
1.26289359,0.75507744,0.61694764,0.97062056,1.04068575,1.03490068,0.70463106,0.65875106,1.20969691,0.45108176,0.83586115,0.69304493,1.18408650,1.00406099,1.14023290,1.27425051,0.14790475,1.05259536,0.79303568,0.78154960,0.80202542,0.23529121,1.12656777,0.72609758,1.21446208,0.58642138,0.76694251,0.51032814,0.69847134,1.17618013,0.07849944,0.49605591,0.53023076,0.00000000,0.62936194,0.80005048,0.64363921,0.67267088,0.89088888,0.53273789,0.77346466,0.52526486,0.92128734,0.91341253,1.33179461,0.65021903,1.27291904,0.54884661,0.87402289,0.96565319,0.98118214,0.37213857,0.59571244,1.04409790,0.69482190,0.87215348,0.89139997,0.68235174,0.78716472,0.97907572
0.90378793,0.90145923,0.26443777,0.72451721,0.63849745,0.42231715,0.60127054,0.27885181,0.74609061,0.20302705,0.63492924,0.15473425,0.70725296,0.77646873,0.82938049,0.79426247,0.55232268,0.60473607,0.41191623,0.15345606,0.17349538,0.46467264,0.56923232,0.56992740,0.79091126,0.11019053,0.21688744,0.30194926,0.32126789,0.72528548,0.60938588,0.54874356,0.12083215,0.62936194,0.00000000,0.83770744,0.01461645,0.04356838,0.28203571,0.14474790,0.48967021,0.36761850,0.90805851,0.39732953,0.91385619,0.02483563,0.79557496,0.11166073,0.39684283,0.33639110,0.92791069,0.65598505,0.68559692,0.57035904,0.56829820,0.86184657,0.27287047,0.71421690,0.19261935,0.78329171
0.67410421,0.14396217,0.58015363,0.38163310,0.60593738,0.96930806,0.24621269,0.58164733,0.77999523,0.69587558,0.30999651,0.73379071,0.78470001,0.37157664,0.53840903,0.84596687,0.66091012,0.67423715,0.53929035,0.89591300,0.91014533,0.61702780,0.88939260,0.29394449,0.72554662,0.72758747,0.74519139,0.54422844,0.56005212,0.74139562,0.72156910,0.33916583,0.85850681,0.80005048,0.83770744,0.00000000,0.84683204,0.85307207,1.07433864,0.89147261,0.42674383,0.47605140,0.12438026,0.72458361,0.79627631,0.85913853,0.84099534,0.73715253,0.66144979,1.03672522,0.19334452,0.43240765,0.20673853,0.70817835,0.28034646,0.08255580,0.90934328,0.13279000,1.01609658,0.32429404
0.90209543,0.91216173,0.27146921,0.72749373,0.63667272,0.41019636,0.60928941,0.28395568,0.74111566,0.21737995,0.64001343,0.15401761,0.70188228,0.77963216,0.82965186,0.78839771,0.56693903,0.60123307,0.41357697,0.13988148,0.15973249,0.47922695,0.56045222,0.57697244,0.78736000,0.12013586,0.21243382,0.31315178,0.32514551,0.72094208,0.62393706,0.56052910,0.13172155,0.64363921,0.01461645,0.84683204,0.00000000,0.03012375,0.26786829,0.15349719,0.49390112,0.37826900,0.91577978,0.39218778,0.91002769,0.01235163,0.78981799,0.12478681,0.39396450,0.32204419,0.93466159,0.66964504,0.69666768,0.56591648,0.57613374,0.86987543,0.26057221,0.72405172,0.17974761,0.78731823
0.88549415,0.92257121,0.27420954,0.71990493,0.62007388,0.38028075,0.61306265,0.28227938,0.71922150,0.24165928,0.63699908,0.14230486,0.67941356,0.77236751,0.81666168,0.76514499,0.59374146,0.58181310,0.40400129,0.10991609,0.12992715,0.50468658,0.53344896,0.57849132,0.76768960,0.13231850,0.19276007,0.32603111,0.32054058,0.70004633,0.65183043,0.57443105,0.16134229,0.67267088,0.04356838,0.85307207,0.03012375,0.00000000,0.24656776,0.18161556,0.48935206,0.38935269,0.91848833,0.37047897,0.88983603,0.02926070,0.76672210,0.14505706,0.37600671,0.29333371,0.93506797,0.68990766,0.70829886,0.54501390,0.57952427,0.87336411,0.23060603,0.73225644,0.16548599,0.78184211
0.97794605,1.15554752,0.49780530,0.88177691,0.72467787,0.31034049,0.82905704,0.49269952,0.76689187,0.48494226,0.82517342,0.34082881,0.72288946,0.93453942,0.94020335,0.79404965,0.82872640,0.66427128,0.57125835,0.17843808,0.16524841,0.74477744,0.52422299,0.78717930,0.83640957,0.37680694,0.33821812,0.56789322,0.51752748,0.75977484,0.88046296,0.81603947,0.36095929,0.89088888,0.28203571,1.07433864,0.26786829,0.24656776,0.00000000,0.35950658,0.67595540,0.62771950,1.12632527,0.45532436,0.94808249,0.25740947,0.79750501,0.39136914,0.49273939,0.14228181,1.13304564,0.93646447,0.94512728,0.61600557,0.79485628,1.08471532,0.21583404,0.96049935,0.10458275,0.95374332
1.03446929,0.93451175,0.35634686,0.83213306,0.77059617,0.55909206,0.67081716,0.38301870,0.88720078,0.19751723,0.72907263,0.28997468,0.84920440,0.88244241,0.95152386,0.93701780,0.48475202,0.74244543,0.53101385,0.28458104,0.30222530,0.41402209,0.71381940,0.64926704,0.92831754,0.20382758,0.35870592,0.34901705,0.43087198,0.86496175,0.52819037,0.57292327,0.03554681,0.53273789,0.14474790,0.89147261,0.15349719,0.18161556,0.35950658,0.00000000,0.59237554,0.41675805,0.97597059,0.53939328,1.05187544,0.15247236,0.93814909,0.17205434,0.53374720,0.45087630,1.00486911,0.63812526,0.71698347,0.71057036,0.64038302,0.92715539,0.40960365,0.76149980,0.25513369,0.88338536
0.49251867,0.54192319,0.23623964,0.24013962,0.27471131,0.54256423,0.19297688,0.21172061,0.45671777,0.43570157,0.14972243,0.35035974,0.44165588,0.29006688,0.38046640,0.52541352,0.63057230,0.30894201,0.11310542,0.50095881,0.51133339,0.53835416,0.48203403,0.13774643,0.44554129,0.39171865,0.33779312,0.28870143,0.16890317,0.41940220,0.70858066,0.33658599,0.55686890,0.77346466,0.48967021,0.42674383,0.49390112,0.48935206,0.67595540,0.59237554,0.00000000,0.25120246,0.45534952,0.29888080,0.55940301,0.50500265,0.52264020,0.42033032,0.23536975,0.61883858,0.45722300,0.53176649,0.38161782,0.32283571,0.16485801,0.41831506,0.49110619,0.34698009,0.63727030,0.29367773
0.74369979,0.53389501,0.14431851,0.47194459,0.51547675,0.61735492,0.25780803,0.17368385,0.68733419,0.22533598,0.34589038,0.29713945,0.66443970,0.51469158,0.62861720,0.75339633,0.38620405,0.53120123,0.27289749,0.45481681,0.47271194,0.29014146,0.64176864,0.24707736,0.68920758,0.25824594,0.34099864,0.06817814,0.19430512,0.65274307,0.46411404,0.18991219,0.38314736,0.52526486,0.36761850,0.47605140,0.37826900,0.38935269,0.62771950,0.41675805,0.25120246,0.00000000,0.55977651,0.42617494,0.80683742,0.39059721,0.75163693,0.26232219,0.37378424,0.62525298,0.59218064,0.34824043,0.31895030,0.52842131,0.23031475,0.51060473,0.50849628,0.34857319,0.55483854,0.50258217
0.59895897,0.24035597,0.64458488,0.33987429,0.57894058,0.98853193,0.30717453,0.63861557,0.73865702,0.78445716,0.31432350,0.79001692,0.75012211,0.31368047,0.46956909,0.80077468,0.78025106,0.65411164,0.56724354,0.94878348,0.96107702,0.73089754,0.88218204,0.34069551,0.67352059,0.79929439,0.79005375,0.62705347,0.60903065,0.70163753,0.84290720,0.44757606,0.94183908,0.92128734,0.90805851,0.12438026,0.91577978,0.91848833,1.12632527,0.97597059,0.45534952,0.55977651,0.00000000,0.74095102,0.72832057,0.92787924,0.79526096,0.81415609,0.68019322,1.07417388,0.07304541,0.55578773,0.32572036,0.69467303,0.33978106,0.05112740,0.94645507,0.24231529,1.07734635,0.26610123
0.52848974,0.84031875,0.29971421,0.44573902,0.26968481,0.24758643,0.49033313,0.25968707,0.34893460,0.47744514,0.42672407,0.25230217,0.30996138,0.49658458,0.48506247,0.39772186,0.79116408,0.21597853,0.19013759,0.31516002,0.31393202,0.69059636,0.21658696,0.43602440,0.39950562,0.35853746,0.18073193,0.41217391,0.23195844,0.32982873,0.86577918,0.58754469,0.50987875,0.91341253,0.39732953,0.72458361,0.39218778,0.37047897,0.45532436,0.53939328,0.29888080,0.42617494,0.74095102,0.00000000,0.52031074,0.39784281,0.39877527,0.40110234,0.06364041,0.35767304,0.72949671,0.76999693,0.66737150,0.17504757,0.45985535,0.70918214,0.24106862,0.64359823,0.45829665,0.52413668
0.13535256,0.94023832,0.74269930,0.42215066,0.29433276,0.65614893,0.68255277,0.70263417,0.18146403,0.95104163,0.54030884,0.76200881,0.22572016,0.42471097,0.25927791,0.17405392,1.18987014,0.30944199,0.55011057,0.83211579,0.82809370,1.09650368,0.44014759,0.63885195,0.12393085,0.85674384,0.69764787,0.83135281,0.65467272,0.19117139,1.26791059,0.88060315,1.02003390,1.33179461,0.91385619,0.79627631,0.91002769,0.88983603,0.94808249,1.05187544,0.55940301,0.80683742,0.72832057,0.52031074,0.00000000,0.91650667,0.16831117,0.89716525,0.51812907,0.82149295,0.67118235,1.07320232,0.87468040,0.34526333,0.67480148,0.73143509,0.73613028,0.80220881,0.97111349,0.47210095
0.91006109,0.92449147,0.28347785,0.73803810,0.64460447,0.40835917,0.62145329,0.29543434,0.74674301,0.22754611,0.65140254,0.16312153,0.70719941,0.79025311,0.83881672,0.79328124,0.57554820,0.60802287,0.42357955,0.13592354,0.15523948,0.48863766,0.56266997,0.58893884,0.79406518,0.13248347,0.21890305,0.32541610,0.33616701,0.72706931,0.63171656,0.57268857,0.13321371,0.65021903,0.02483563,0.85913853,0.01235163,0.02926070,0.25740947,0.15247236,0.50500265,0.39059721,0.92787924,0.39784281,0.91650667,0.00000000,0.79479227,0.13635658,0.40130294,0.31554521,0.94653817,0.68082065,0.70895972,0.57201731,0.58826639,0.88203344,0.25863196,0.73640053,0.16795327,0.79829960
0.26726788,0.98249780,0.66211194,0.46040626,0.25166353,0.49708657,0.68164444,0.62024870,0.06603394,0.86228109,0.54978309,0.65034153,0.09068300,0.48160962,0.34276127,0.00651039,1.13753914,0.22053946,0.48005950,0.69686675,0.69024542,1.03979233,0.27837021,0.63057826,0.12599919,0.75349688,0.57944690,0.76308407,0.57645413,0.10455757,1.21522030,0.85859679,0.90858549,1.27291904,0.79557496,0.84099534,0.78981799,0.76672210,0.79750501,0.93814909,0.52264020,0.75163693,0.79526096,0.39877527,0.16831117,0.79479227,0.00000000,0.79557696,0.41376198,0.66576202,0.74871273,1.05395389,0.88051639,0.23362284,0.66590647,0.78785187,0.59106032,0.82001926,0.83008200,0.52920731
0.87080910,0.79444334,0.18432086,0.66016349,0.60963801,0.48617578,0.50719559,0.21183878,0.74028356,0.10098350,0.55781748,0.15284705,0.70518106,0.71039602,0.78271176,0.79517067,0.45666104,0.58942248,0.36297142,0.24239502,0.26308573,0.36387218,0.59845356,0.48158190,0.77323598,0.04263292,0.22950286,0.19487580,0.26043797,0.71467436,0.51954274,0.43880833,0.13653890,0.54884661,0.11166073,0.73715253,0.12478681,0.14505706,0.39136914,0.17205434,0.42033032,0.26232219,0.81415609,0.40110234,0.89716525,0.13635658,0.79557696,0.00000000,0.38282186,0.42945679,0.83912552,0.54522478,0.57758665,0.56318447,0.47547748,0.76651028,0.34319787,0.61083296,0.30427770,0.71155634
0.50994247,0.77668237,0.25708284,0.39417893,0.24496645,0.30900501,0.42669435,0.21539515,0.35747254,0.44926077,0.36588783,0.24392607,0.32311993,0.44610803,0.45148407,0.41369493,0.74715689,0.20870146,0.12675876,0.33834937,0.34083245,0.64692839,0.26914273,0.37240029,0.39464571,0.34123271,0.18368321,0.36670440,0.18041937,0.33237415,0.82297577,0.52844679,0.50204866,0.87402289,0.39684283,0.66144979,0.39396450,0.37600671,0.49273939,0.53374720,0.23536975,0.37378424,0.68019322,0.06364041,0.51812907,0.40130294,0.41376198,0.38282186,0.00000000,0.40691452,0.67099916,0.71363407,0.60469810,0.18052533,0.39627227,0.64744123,0.28420892,0.57999780,0.48346803,0.47059137
0.86209502,1.13229039,0.48363261,0.80095402,0.61951887,0.17110504,0.79097820,0.46675475,0.64009738,0.53006806,0.76342101,0.32846406,0.59580304,0.85261076,0.83786654,0.66191194,0.88516339,0.55214690,0.50735161,0.18713043,0.16640432,0.79332842,0.38895820,0.74337115,0.71472426,0.40207104,0.29398778,0.57483782,0.47854795,0.63676907,0.94485039,0.81470241,0.44236595,0.96565319,0.33639110,1.03672522,0.32204419,0.29333371,0.14228181,0.45087630,0.61883858,0.62525298,1.07417388,0.35767304,0.82149295,0.31554521,0.66576202,0.42945679,0.40691452,0.00000000,1.07223641,0.95831484,0.93142976,0.50140564,0.75713072,1.03653579,0.12781115,0.93343218,0.21945476,0.87741814
0.53936336,0.31323815,0.66347695,0.30489974,0.54519583,0.97632773,0.33464592,0.65299625,0.69490133,0.81747182,0.30914924,0.80194284,0.70986043,0.27003148,0.41474641,0.75446373,0.83812276,0.62298429,0.56559586,0.95718908,0.96818261,0.78352039,0.85570530,0.35823854,0.62480502,0.82093950,0.79498345,0.65786847,0.61906603,0.65910419,0.90308140,0.49824204,0.97013341,0.98118214,0.92791069,0.19334452,0.93466159,0.93506797,1.13304564,1.00486911,0.45722300,0.59218064,0.07304541,0.72949671,0.67118235,0.94653817,0.74871273,0.83912552,0.67099916,1.07223641,0.00000000,0.61978155,0.38619007,0.66669115,0.36448628,0.11210779,0.94520511,0.29888354,1.09021331,0.22530766
0.98036958,0.38435257,0.49054059,0.66931086,0.80377951,0.96463115,0.39445802,0.52191986,0.98794156,0.45721810,0.53765703,0.63232403,0.97333873,0.69120997,0.84684127,1.05688343,0.24530106,0.84012741,0.59845786,0.77714760,0.79686765,0.24361239,0.98271298,0.43445264,0.96877582,0.56191656,0.68557221,0.38563450,0.53904442,0.95013325,0.29407489,0.19536014,0.61510033,0.37213857,0.65598505,0.43240765,0.66964504,0.68990766,0.93646447,0.63812526,0.53176649,0.34824043,0.55578773,0.76999693,1.07320232,0.68082065,1.05395389,0.54522478,0.71363407,0.95831484,0.61978155,0.00000000,0.23583113,0.84895884,0.39859970,0.50846106,0.84883178,0.32570332,0.84774286,0.65721487
0.77005398,0.21774455,0.45002487,0.45656462,0.62974203,0.89575221,0.19909532,0.46477210,0.81519372,0.51949949,0.33537280,0.60856183,0.80852605,0.47027287,0.63332705,0.88436789,0.45475797,0.68132125,0.47835836,0.76989422,0.78680513,0.41126734,0.86277611,0.25232052,0.78119016,0.57691127,0.63854761,0.38365566,0.45948044,0.77612733,0.51740910,0.14490085,0.68626507,0.59571244,0.68559692,0.20673853,0.69666768,0.70829886,0.94512728,0.71698347,0.38161782,0.31895030,0.32572036,0.66737150,0.87468040,0.70895972,0.88051639,0.57758665,0.60469810,0.93142976,0.38619007,0.23583113,0.00000000,0.70194906,0.21904238,0.27644748,0.80850929,0.08991657,0.87378472,0.43190123
0.36209140,0.84014790,0.42991728,0.36260326,0.13041433,0.35355494,0.50597457,0.38791787,0.17724846,0.62866265,0.39843448,0.42093215,0.14294948,0.40498728,0.34408218,0.23384232,0.91183801,0.05237577,0.25579294,0.48826296,0.48542201,0.81284653,0.18921671,0.45075416,0.22504980,0.52140398,0.35354750,0.53379312,0.34573396,0.15505229,0.98895508,0.65553139,0.67983025,1.04409790,0.57035904,0.70817835,0.56591648,0.54501390,0.61600557,0.71057036,0.32283571,0.52842131,0.69467303,0.17504757,0.34526333,0.57201731,0.23362284,0.56318447,0.18052533,0.50140564,0.66669115,0.84895884,0.70194906,0.00000000,0.48295288,0.67344219,0.40048349,0.65662646,0.62941997,0.44383648
0.58346061,0.38174246,0.30532861,0.27770624,0.41428154,0.69837191,0.03421315,0.30266588,0.60013120,0.45450883,0.14270141,0.45500733,0.59128069,0.30924383,0.45258172,0.66945734,0.54704692,0.46272519,0.26991173,0.61643773,0.63027851,0.46885851,0.64681621,0.03601925,0.57294159,0.45955585,0.46493001,0.29422062,0.27971959,0.56134987,0.62230404,0.20916422,0.60566774,0.69482190,0.56829820,0.28034646,0.57613374,0.57952427,0.79485628,0.64038302,0.16485801,0.23031475,0.33978106,0.45985535,0.67480148,0.58826639,0.66590647,0.47547748,0.39627227,0.75713072,0.36448628,0.39859970,0.21904238,0.48295288,0.00000000,0.29386529,0.63008615,0.18376955,0.74012462,0.28651748
0.60550968,0.21611403,0.59918696,0.32802270,0.56261625,0.95640427,0.26059098,0.59490522,0.72912337,0.73487961,0.28337536,0.74685353,0.73767184,0.30933345,0.47222798,0.79313410,0.73043925,0.63532890,0.53111509,0.90672980,0.91954410,0.68006548,0.85910317,0.29761871,0.66866751,0.75266193,0.74983305,0.57814121,0.56719932,0.69128878,0.79385638,0.39650113,0.89319301,0.87215348,0.86184657,0.08255580,0.86987543,0.87336411,1.08471532,0.92715539,0.41831506,0.51060473,0.05112740,0.70918214,0.73143509,0.88203344,0.78785187,0.76651028,0.64744123,1.03653579,0.11210779,0.50846106,0.27644748,0.67344219,0.29386529,0.00000000,0.90872525,0.19172311,1.03336451,0.26117355
0.76223565,1.00670695,0.36478658,0.67800722,0.50948484,0.14972722,0.66383227,0.34410329,0.55582414,0.44329446,0.63620183,0.21707716,0.51231926,0.73015645,0.72600779,0.58813352,0.79755447,0.44845857,0.37990442,0.12585301,0.11095706,0.70161435,0.32821515,0.61579807,0.62222875,0.30863915,0.17004307,0.46322421,0.35248228,0.54641114,0.86238885,0.69636602,0.39179758,0.89139997,0.27287047,0.90934328,0.26057221,0.23060603,0.21583404,0.40960365,0.49110619,0.50849628,0.94645507,0.24106862,0.73613028,0.25863196,0.59106032,0.34319787,0.28420892,0.12781115,0.94520511,0.84883178,0.80850929,0.40048349,0.63008615,0.90872525,0.00000000,0.80754857,0.23997278,0.75322027
0.69237736,0.19942085,0.46292629,0.38064020,0.57238525,0.88145622,0.15401274,0.46980699,0.75570823,0.56506489,0.27023829,0.61997160,0.75292899,0.38902145,0.55489103,0.82426969,0.53939235,0.63065555,0.45368032,0.78272866,0.79816811,0.48869547,0.82709840,0.20957661,0.71482154,0.60408405,0.63957478,0.41648115,0.45507738,0.71649732,0.60432782,0.20720703,0.72902073,0.68235174,0.71421690,0.13279000,0.72405172,0.73225644,0.96049935,0.76149980,0.34698009,0.34857319,0.24231529,0.64359823,0.80220881,0.73640053,0.82001926,0.61083296,0.57999780,0.93343218,0.29888354,0.32570332,0.08991657,0.65662646,0.18376955,0.19172311,0.80754857,0.00000000,0.89678902,0.34824358
0.98677365,1.08790618,0.43597839,0.85759272,0.72562133,0.36839897,0.77400046,0.43873237,0.79234572,0.39182115,0.78679277,0.28827211,0.74942685,0.91054347,0.93485366,0.82732566,0.72868663,0.67379469,0.54094239,0.14513704,0.14436812,0.64742155,0.56745418,0.73665526,0.85405326,0.29737117,0.30863768,0.49125295,0.47128020,0.78022300,0.77844295,0.73941418,0.25806863,0.78716472,0.19261935,1.01609658,0.17974761,0.16548599,0.10458275,0.25513369,0.63727030,0.55483854,1.07734635,0.45829665,0.97111349,0.16795327,0.83008200,0.30427770,0.48346803,0.21945476,1.09021331,0.84774286,0.87378472,0.62941997,0.74012462,1.03336451,0.23997278,0.89678902,0.00000000,0.92483876
0.35088540,0.46823789,0.52736121,0.08147810,0.32022123,0.76687003,0.27445808,0.50527449,0.47272994,0.71524189,0.15735491,0.64123062,0.48555819,0.04817058,0.21428503,0.53469793,0.83117455,0.39868138,0.38425182,0.78427763,0.79225383,0.75527043,0.63304838,0.25952964,0.40820546,0.68470834,0.61845439,0.55773165,0.46217408,0.43600725,0.90508983,0.48529807,0.84783989,0.97907572,0.78329171,0.32429404,0.78731823,0.78184211,0.95374332,0.88338536,0.29367773,0.50258217,0.26610123,0.52413668,0.47210095,0.79829960,0.52920731,0.71155634,0.47059137,0.87741814,0.22530766,0.65721487,0.43190123,0.44383648,0.28651748,0.26117355,0.75322027,0.34824358,0.92483876,0.00000000
