0.00000000,0.55670160,0.47726032,0.35169941,0.40123281,0.58440328,0.64267635,0.71341974,0.19011876,0.31099021,0.60061383,0.73703432,0.20953411,0.12909743,0.60561579,0.41628650,0.60085726,0.54660821,0.60866350,0.78415543,0.47827315,0.54100949,0.55021721,0.63180178,0.21811980,0.28359115,0.09300846,0.45064247,0.59572017,0.49014133,0.43385786,0.34602797,0.69600803,0.04004323,0.41524816,0.76499784,0.77181995,0.57281113,0.45481205,0.66896939,0.51393449,0.52183819,0.31043994,0.67427987,0.09232289,0.58540255,0.29138827,0.56285107,0.55236065,0.63055921,0.41852033,0.34781349,0.78833401,0.51532859,0.75202030,0.79380608,0.94498003,0.49731553,0.59115160,0.51821780
0.55670160,0.00000000,0.98811924,0.71862578,0.16067038,0.40283531,1.19937801,1.27012134,0.74682033,0.66776782,1.15731549,0.72426933,0.55850601,0.47790819,0.29208031,0.46162361,0.67791319,0.10728820,0.85139036,1.34085703,0.13742802,1.09771109,0.84748113,0.87452865,0.46424258,0.52631801,0.46369314,1.00734401,0.38550615,1.04684293,0.67658472,0.62512273,1.25270963,0.54876202,0.97194976,1.32169938,0.46406615,1.12951279,0.21208517,0.91169626,0.13482408,0.03486345,0.46886462,0.91700673,0.50407267,0.47769284,0.53411514,0.85766214,1.10906219,0.87328607,0.17378528,0.59054035,1.34503567,1.07203019,0.50929344,0.40391827,1.18770695,0.77580470,0.83387846,0.28450367
0.47726032,0.98811924,0.00000000,0.82895970,0.82744884,1.01582086,0.30066851,0.43110836,0.48273453,0.78825057,0.76059592,0.26384991,0.68679440,0.60635775,1.03703332,0.52649564,0.31020606,0.97802579,1.08592379,0.35273784,0.90969074,0.81957555,1.02747750,1.10906208,0.69538009,0.76085150,0.52442610,0.14503261,0.60261303,0.30206525,0.91111815,0.82328832,0.26459044,0.43935719,0.46471268,0.38909361,1.20323753,0.43768603,0.80352134,1.14622974,0.94535214,0.95325577,0.74185753,1.15154016,0.48404655,0.51042640,0.76864862,1.04011142,0.12094305,1.10781956,0.84993792,0.82507384,0.35691646,0.32287681,0.62316471,1.22522366,1.42224038,0.21231450,1.06841195,0.94963539
0.35169941,0.71862578,0.82895970,0.00000000,0.75293219,0.74632746,0.52829123,0.55149555,0.34622517,0.05085796,0.43868965,1.08873367,0.16011977,0.24071762,0.76753998,0.76798594,0.95255661,0.70853239,0.29343140,0.62223125,0.64019734,0.37908530,0.19851780,0.28010237,0.25438321,0.37148386,0.33573103,0.68392712,0.94741964,0.52689445,0.42759979,0.09350306,0.59449065,0.39174265,0.36424702,0.60307366,0.93374413,0.41088694,0.80651152,0.31726998,0.67585868,0.68376237,0.47236413,0.32258046,0.44402230,0.93710196,0.25105447,0.21115166,0.80617958,0.42387921,0.58044451,0.14021891,0.62640989,0.50608289,1.10371971,0.95573026,0.59328061,0.84901494,0.45071334,0.68014199
0.40123281,0.16067038,0.82744884,0.75293219,0.00000000,0.56134129,1.03870761,1.10945106,0.58614999,0.71222305,0.99664503,0.56359893,0.61076695,0.53033024,0.45058626,0.30095321,0.51724279,0.26579413,1.00989628,1.18018663,0.29593396,0.93704069,0.95145005,1.03303456,0.61935258,0.68482399,0.41720119,0.84667373,0.22483578,0.88617253,0.83509064,0.74726075,1.09203935,0.38809165,0.81127936,1.16102898,0.62257206,0.96884233,0.05357924,1.07020223,0.29333001,0.18614936,0.62737060,1.07551265,0.34340230,0.31702244,0.69262111,0.96408385,0.94839191,1.03179204,0.33229122,0.74904633,1.18436527,0.91135979,0.35078749,0.56242418,1.34621286,0.61513436,0.99238443,0.44300961
0.58440328,0.40283531,1.01582086,0.74632746,0.56134129,0.00000000,1.22707963,1.29782295,0.77452207,0.69546950,1.18501711,0.89714277,0.58620769,0.50560987,0.11075501,0.57639492,0.76096570,0.29554713,0.45289606,1.36855865,0.26540732,1.12541270,0.87518281,0.52912205,0.49194425,0.37484360,0.49139482,1.03504574,0.75582862,1.07454467,0.31872767,0.65282440,1.28041124,0.57646370,0.99965143,1.34940112,0.18741664,1.15721440,0.61492050,0.81824422,0.26801124,0.37519190,0.27396333,0.79676014,0.53177434,0.74551100,0.49527299,0.88536382,1.13676393,0.47045076,0.22905004,0.60610855,1.37273741,1.09973192,0.91212875,0.20940277,0.78487158,0.80350637,0.43104315,0.11833166
0.64267635,1.19937801,0.30066851,0.52829123,1.03870761,1.22707963,0.00000000,0.13043985,0.45255762,0.53161019,0.45992735,0.56044251,0.64087200,0.72146988,1.24829221,0.73775440,0.52146482,1.18928456,0.78525531,0.14147905,1.12094951,0.51890707,0.72680902,0.80839360,0.73513544,0.85223609,0.73568487,0.19203395,0.81387186,0.15253505,0.90835202,0.57425529,0.06619946,0.65061593,0.22742823,0.12232143,1.41449642,0.13701752,1.01478016,0.84556121,1.15661097,1.16451454,0.95311636,0.85087168,0.69530535,0.72168517,0.73180670,0.73944288,0.27788839,0.90463144,1.06119680,0.62097114,0.14565766,0.12734780,0.83442354,1.43648243,1.12157178,0.42357329,0.93146557,1.16089416
0.71341974,1.27012134,0.43110836,0.55149555,1.10945106,1.29782295,0.13043985,0.00000000,0.52330101,0.60235351,0.32948750,0.69088238,0.71161532,0.79221320,1.31903553,0.80849773,0.59220821,1.26002789,0.84492695,0.11983670,1.19169283,0.38846719,0.59636915,0.76870096,0.80587876,0.92297941,0.80642819,0.28607574,0.88461518,0.22327840,0.97909534,0.64499861,0.19663930,0.72135931,0.29817158,0.05157807,1.48523962,0.14060861,1.08552349,0.71512133,1.22735429,1.23525786,1.02385974,0.72043180,0.76604867,0.79242849,0.80255002,0.60900301,0.40832824,0.97537476,1.13194013,0.69171447,0.11831293,0.19809115,0.90516686,1.50722575,0.99113196,0.49431664,1.00220895,1.23163748
0.19011876,0.74682033,0.48273453,0.34622517,0.58614999,0.77452207,0.45255762,0.52330101,0.00000000,0.30551597,0.41049507,0.74250853,0.20405987,0.26891220,0.79573452,0.42176074,0.60633147,0.73672700,0.60318923,0.59403670,0.66839194,0.35089073,0.54474294,0.62632751,0.28257778,0.39967844,0.28312722,0.33770192,0.60119438,0.30002257,0.45579436,0.34055373,0.50588930,0.19805834,0.22512940,0.57487905,0.96193874,0.38269237,0.56222254,0.66349518,0.70405328,0.71195692,0.50055873,0.66880560,0.24274769,0.59087682,0.28591403,0.55737686,0.45995441,0.62508494,0.60863912,0.34233925,0.59821528,0.32520986,0.75749457,0.98392487,0.93950582,0.50278974,0.58567733,0.70833659
0.31099021,0.66776782,0.78825057,0.05085796,0.71222305,0.69546950,0.53161019,0.60235351,0.30551597,0.00000000,0.48954761,1.04802454,0.10926181,0.18985966,0.71668202,0.72727668,0.91184747,0.65767443,0.29767329,0.67308921,0.58933938,0.42994326,0.23922700,0.32081157,0.20352525,0.32062590,0.29502183,0.64321792,0.90671039,0.48618525,0.37674183,0.04264510,0.58494180,0.35103345,0.32353783,0.65393162,0.88288617,0.46174490,0.76580226,0.35797918,0.62500077,0.63290441,0.42150617,0.36328965,0.40331310,0.89639276,0.20019650,0.25186086,0.76547039,0.37302125,0.52958655,0.08936095,0.67726785,0.46537369,1.06301045,0.90487224,0.63398981,0.80830574,0.39985538,0.62928402
0.60061383,1.15731549,0.76059592,0.43868965,0.99664503,1.18501711,0.45992735,0.32948750,0.41049507,0.48954761,0.00000000,1.02036989,0.59880942,0.67940724,1.20622969,0.69962209,0.88419276,1.14722204,0.73212105,0.44932419,1.07888699,0.05960435,0.30983430,0.65589505,0.69307286,0.81017351,0.69362229,0.61556327,0.87905574,0.45853060,0.86628944,0.53219271,0.52612680,0.60855341,0.29588318,0.37150225,1.37243378,0.32290983,0.97271764,0.38563383,1.11454833,1.12245202,0.91105378,0.39094430,0.65324277,0.86873811,0.68974411,0.29965329,0.73781574,0.86256886,1.01913416,0.57890856,0.44780043,0.43771905,1.03535581,1.39441991,0.66164446,0.78065109,0.88940299,1.11883163
0.73703432,0.72426933,0.26384991,1.08873367,0.56359893,0.89714277,0.56044251,0.69088238,0.74250853,1.04802454,1.02036989,0.00000000,0.94656843,0.86613178,0.78638780,0.32074785,0.13617709,0.71417594,1.34569788,0.61658770,0.64584088,1.07934952,1.28725147,1.36883616,0.95515412,1.02062547,0.75300270,0.40480661,0.33876318,0.56183928,1.17089224,1.08306229,0.52844030,0.69699109,0.72448671,0.64886761,0.95837361,0.69746006,0.53967148,1.40600371,0.68150222,0.68940586,0.96317208,1.41131425,0.64471143,0.24657649,1.02842259,1.29988539,0.38479292,1.36759353,0.66809273,1.08484781,0.62076634,0.58265084,0.35931486,0.96137375,1.68201435,0.23971879,1.32818592,0.77881110
0.20953411,0.55850601,0.68679440,0.16011977,0.61076695,0.58620769,0.64087200,0.71161532,0.20405987,0.10926181,0.59880942,0.94656843,0.00000000,0.08059785,0.60742021,0.62582064,0.81039131,0.54841262,0.39912939,0.78235102,0.48007756,0.53920507,0.34068310,0.42226768,0.09426343,0.21136409,0.19356573,0.54176182,0.80525428,0.48833692,0.26748002,0.13649386,0.69420362,0.24957734,0.41344374,0.76319343,0.77362430,0.57100672,0.66434622,0.45943528,0.51573896,0.52364254,0.31224436,0.46474576,0.30185699,0.79493666,0.09093469,0.35331696,0.66401428,0.42102510,0.42032474,0.13827938,0.78652966,0.51352417,0.96155441,0.79561043,0.73544592,0.70684963,0.38161749,0.52002221
0.12909743,0.47790819,0.60635775,0.24071762,0.53033024,0.50560987,0.72146988,0.79221320,0.26891220,0.18985966,0.67940724,0.86613178,0.08059785,0.00000000,0.52682233,0.54538393,0.72995466,0.46781477,0.47956607,0.86294889,0.39947969,0.61980295,0.42111978,0.50270438,0.08902237,0.15449372,0.11312905,0.52943587,0.72481763,0.56893480,0.30476043,0.21693054,0.77480149,0.16914067,0.49404159,0.84379125,0.69302648,0.65160453,0.58390951,0.53987193,0.43514109,0.44304472,0.23164651,0.54518247,0.22142032,0.71450001,0.16229084,0.43375364,0.63115406,0.50146174,0.33972690,0.21871606,0.86712754,0.59412205,0.88111770,0.71501261,0.81588256,0.62641299,0.46205416,0.43942434
0.60561579,0.29208031,1.03703332,0.76753998,0.45058626,0.11075501,1.24829221,1.31903553,0.79573452,0.71668202,1.20622969,0.78638780,0.60742021,0.52682233,0.00000000,0.51053774,0.72682732,0.18479212,0.55931008,1.38977122,0.15465230,1.14662528,0.89639533,0.58244836,0.51315677,0.39605612,0.51260734,1.05625820,0.64507365,1.09575713,0.38450444,0.67403692,1.30162382,0.59767622,1.02086401,1.37061357,0.17198582,1.17842698,0.50416547,0.83945674,0.15725623,0.26443690,0.29517585,0.81797266,0.55298686,0.63475597,0.51648551,0.90657634,1.15797639,0.58120579,0.18709545,0.62732106,1.39394987,1.12094438,0.80137372,0.18819027,0.89562660,0.82471889,0.54179817,0.08739799
0.41628650,0.46162361,0.52649564,0.76798594,0.30095321,0.57639492,0.73775440,0.80849773,0.42176074,0.72727668,0.69962209,0.32074785,0.62582064,0.54538393,0.51053774,0.00000000,0.21628958,0.45153019,1.02495003,0.87923348,0.38319510,0.75860178,0.96650368,1.04808831,0.63440633,0.69987762,0.43225488,0.54572046,0.17943367,0.58521938,0.85014439,0.76231444,0.79108608,0.37624326,0.51032615,0.86007583,0.67674190,0.66788918,0.27702573,1.08525586,0.41885650,0.42676014,0.64242423,1.09056640,0.32396361,0.16911606,0.70767474,0.97913760,0.64743865,1.04684567,0.34734491,0.76409996,0.88341200,0.61040664,0.33573380,0.69872802,1.36126661,0.31418112,1.00743806,0.45806330
0.60085726,0.67791319,0.31020606,0.95255661,0.51724279,0.76096570,0.52146482,0.59220821,0.60633147,0.91184747,0.88419276,0.13617709,0.81039131,0.72995466,0.72682732,0.21628958,0.00000000,0.66781974,1.20952070,0.66294384,0.59948468,0.94317245,1.15107441,1.23265898,0.81897700,0.88444841,0.61682558,0.32943088,0.29240701,0.42566219,1.03471506,0.94688523,0.57479650,0.56081402,0.58830965,0.64378625,0.89303148,0.56128293,0.49331531,1.26982665,0.63514608,0.64304972,0.82699502,1.27513719,0.50853431,0.20022033,0.89224553,1.16370821,0.43114910,1.23141646,0.53973186,0.94867074,0.66712254,0.44647372,0.31295869,0.91501760,1.54583716,0.10354170,1.19200885,0.64263403
0.54660821,0.10728820,0.97802579,0.70853239,0.26579413,0.29554713,1.18928456,1.26002789,0.73672700,0.65767443,1.14722204,0.71417594,0.54841262,0.46781477,0.18479212,0.45153019,0.66781974,0.00000000,0.74410218,1.33076358,0.06833507,1.08761764,0.83738774,0.76724046,0.45414919,0.41902983,0.45359975,0.99725068,0.46028149,1.03674960,0.56929654,0.61502934,1.24261618,0.53866863,0.96185637,1.31160605,0.35677794,1.11941934,0.31937337,0.80440807,0.03267369,0.07964478,0.36157644,0.80971855,0.49397928,0.46759945,0.45747793,0.84756875,1.09896886,0.76599789,0.12808788,0.56831348,1.33494234,1.06193686,0.61658162,0.29663005,1.08041871,0.76571131,0.72659028,0.17721547
0.60866350,0.85139036,1.08592379,0.29343140,1.00989628,0.45289606,0.78525531,0.84492695,0.60318923,0.29767329,0.73212105,1.34569788,0.39912939,0.47956607,0.55931008,1.02495003,1.20952070,0.74410218,0.00000000,0.91566265,0.71396238,0.67251670,0.42228675,0.07622600,0.39054370,0.32507235,0.59269512,0.94089121,1.20438373,0.78385854,0.17480564,0.26263553,0.85145473,0.64870673,0.62121111,0.89650506,0.64031273,0.70431834,1.06347561,0.36534816,0.71656626,0.82374698,0.38252574,0.34386408,0.70098639,1.19406605,0.31727523,0.43246776,1.06314373,0.13044780,0.67760509,0.26085001,0.91984129,0.76304698,1.36068380,0.66229886,0.33631653,1.10597897,0.15728194,0.56688672
0.78415543,1.34085703,0.35273784,0.62223125,1.18018663,1.36855865,0.14147905,0.11983670,0.59403670,0.67308921,0.44932419,0.61658770,0.78235102,0.86294889,1.38977122,0.87923348,0.66294384,1.33076358,0.91566265,0.00000000,1.26242852,0.50830388,0.71620584,0.83943665,0.87661445,0.99371511,0.87716389,0.33351299,0.95535088,0.29401410,1.04983103,0.71573430,0.08814740,0.79209501,0.36890727,0.07782195,1.55597544,0.21134432,1.15625918,0.83495802,1.29808998,1.30599356,1.09459543,0.84026849,0.83678436,0.86316419,0.87328571,0.72883970,0.28849155,1.04611039,1.20267582,0.76245016,0.00417861,0.26882684,0.97590256,1.57796144,1.11096859,0.56505233,1.07294464,1.30237317
0.47827315,0.13742802,0.90969074,0.64019734,0.29593396,0.26540732,1.12094951,1.19169283,0.66839194,0.58933938,1.07888699,0.64584088,0.48007756,0.39947969,0.15465230,0.38319510,0.59948468,0.06833507,0.71396238,1.26242852,0.00000000,1.01928258,0.76905268,0.73710066,0.38581413,0.38889003,0.38526469,0.92891562,0.49042132,0.96841449,0.53915673,0.54669428,1.17428112,0.47033358,0.89352131,1.24327099,0.32663810,1.05108428,0.34951317,0.77426827,0.03566138,0.10978460,0.33143663,0.77957875,0.42564422,0.48010370,0.39668715,0.77923369,1.03063381,0.73585808,0.05975281,0.49997842,1.26660728,0.99360174,0.64672142,0.31553292,1.05027890,0.69737625,0.69645047,0.14707565
0.54100949,1.09771109,0.81957555,0.37908530,0.93704069,1.12541270,0.51890707,0.38846719,0.35089073,0.42994326,0.05960435,1.07934952,0.53920507,0.61980295,1.14662528,0.75860178,0.94317245,1.08761764,0.67251670,0.50830388,1.01928258,0.00000000,0.25022995,0.59629071,0.63346851,0.75056916,0.63401794,0.67454296,0.93803549,0.51751029,0.80668509,0.47258836,0.58510649,0.54894906,0.35486287,0.43048194,1.31282949,0.38188952,0.91311324,0.32665414,1.05494404,1.06284761,0.85144943,0.33196461,0.59363842,0.92771780,0.63013977,0.24004894,0.79679543,0.80296451,0.95952982,0.51930422,0.50678015,0.49669874,1.09433556,1.33481550,0.60266477,0.83963078,0.82979864,1.05922723
0.55021721,0.84748113,1.02747750,0.19851780,0.95145005,0.87518281,0.72680902,0.59636915,0.54474294,0.23922700,0.30983430,1.28725147,0.34068310,0.42111978,0.89639533,0.96650368,1.15107441,0.83738774,0.42228675,0.71620584,0.76905268,0.25022995,0.00000000,0.34606075,0.38323855,0.50033921,0.53424883,0.88244492,1.14593744,0.72541225,0.55645514,0.22235841,0.79300845,0.59026045,0.56276482,0.63838392,1.06259942,0.58979148,1.00502932,0.11875218,0.80471408,0.81261772,0.60121948,0.12406266,0.64254010,1.13561976,0.37990981,0.01263386,1.00469732,0.55273455,0.70929986,0.26907426,0.71468210,0.70460069,1.30223751,1.08458555,0.39476281,1.04753280,0.57956868,0.80899733
0.63180178,0.87452865,1.10906208,0.28010237,1.03303456,0.52912205,0.80839360,0.76870096,0.62632751,0.32081157,0.65589505,1.36883616,0.42226768,0.50270438,0.58244836,1.04808831,1.23265898,0.76724046,0.07622600,0.83943665,0.73710066,0.59629071,0.34606075,0.00000000,0.41368198,0.34821063,0.61583340,0.96402949,1.22752202,0.80699682,0.21039438,0.28577381,0.87459302,0.67184502,0.64434940,0.82027906,0.71653873,0.67137605,1.08661389,0.28912216,0.73970455,0.84688526,0.40566403,0.26763809,0.72412467,1.21720433,0.34041351,0.35624176,1.08628201,0.20667380,0.70074338,0.28398830,0.84361529,0.78618526,1.38382208,0.73852485,0.31317824,1.12911725,0.23350793,0.59002501
0.21811980,0.46424258,0.69538009,0.25438321,0.61935258,0.49194425,0.73513544,0.80587876,0.28257778,0.20352525,0.69307286,0.95515412,0.09426343,0.08902237,0.51315677,0.63440633,0.81897700,0.45414919,0.39054370,0.87661445,0.38581413,0.63346851,0.38323855,0.41368198,0.00000000,0.11710066,0.20215142,0.55034751,0.81383997,0.58260036,0.21573806,0.16088015,0.78846705,0.25816303,0.50770718,0.85745686,0.67936087,0.66527015,0.67293185,0.45084959,0.42147550,0.43320325,0.21798092,0.45616007,0.31044269,0.80352235,0.07326847,0.39341956,0.67259997,0.41243941,0.32606131,0.12969369,0.88079309,0.60778761,0.97014010,0.70134699,0.72686023,0.71543533,0.37303180,0.42575878
0.28359115,0.52631801,0.76085150,0.37148386,0.68482399,0.37484360,0.85223609,0.92297941,0.39967844,0.32062590,0.81017351,1.02062547,0.21136409,0.15449372,0.39605612,0.69987762,0.88444841,0.41902983,0.32507235,0.99371511,0.38889003,0.75056916,0.50033921,0.34821063,0.11710066,0.00000000,0.26762277,0.66020215,0.87931132,0.69970101,0.15026671,0.27798080,0.90556771,0.32363439,0.62480783,0.97455752,0.56226027,0.78237081,0.73840320,0.44340062,0.39149395,0.49867460,0.10088027,0.42191654,0.37591404,0.86899370,0.12042940,0.51052022,0.76192033,0.34696805,0.35253274,0.23126495,0.99789375,0.72488827,1.03561139,0.58424640,0.66138887,0.78090668,0.30756044,0.30865812
0.09300846,0.46369314,0.52442610,0.33573103,0.41720119,0.49139482,0.73568487,0.80642819,0.28312722,0.29502183,0.69362229,0.75300270,0.19356573,0.11312905,0.51260734,0.43225488,0.61682558,0.45359975,0.59269512,0.87716389,0.38526469,0.63401794,0.53424883,0.61583340,0.20215142,0.26762277,0.00000000,0.54365093,0.61168855,0.58314979,0.41788948,0.33005959,0.78901649,0.08506888,0.50825661,0.85800624,0.67881143,0.66581959,0.47078043,0.65300101,0.42092606,0.42882970,0.21743149,0.65831149,0.10829127,0.60137093,0.27541989,0.54688269,0.64536911,0.61459082,0.32551187,0.33184510,0.88134253,0.60833704,0.76798868,0.70079756,0.92901164,0.51328391,0.57518321,0.42520934
0.45064247,1.00734401,0.14503261,0.68392712,0.84667373,1.03504574,0.19203395,0.28607574,0.33770192,0.64321792,0.61556327,0.40480661,0.54176182,0.52943587,1.05625820,0.54572046,0.32943088,0.99725068,0.94089121,0.33351299,0.92891562,0.67454296,0.88244492,0.96402949,0.55034751,0.66020215,0.54365093,0.00000000,0.62183791,0.15703265,0.76608557,0.67825568,0.24536559,0.45858204,0.31968009,0.31435537,1.22246242,0.29265344,0.82274616,1.00119710,0.96457696,0.97248065,0.76108241,1.00650764,0.50327140,0.52965122,0.62361598,0.89507878,0.12225248,0.96278691,0.86916280,0.68004119,0.33769161,0.17784420,0.64238960,1.24444854,1.27720773,0.23153935,0.92337930,0.96886027
0.59572017,0.38550615,0.60261303,0.94741964,0.22483578,0.75582862,0.81387186,0.88461518,0.60119438,0.90671039,0.87905574,0.33876318,0.80525428,0.72481763,0.64507365,0.17943367,0.29240701,0.46028149,1.20438373,0.95535088,0.49042132,0.93803549,1.14593744,1.22752202,0.81383997,0.87931132,0.61168855,0.62183791,0.00000000,0.66133678,1.02957809,0.94174814,0.86720353,0.55567694,0.58644366,0.93619329,0.81705940,0.74400663,0.20090830,1.26468956,0.48781738,0.38063672,0.82185793,1.27000010,0.50339729,0.09218668,0.88710845,1.15857124,0.72355610,1.22627950,0.52677858,0.94353366,0.95952952,0.68652409,0.15630013,0.75691152,1.54070020,0.39029855,1.18687177,0.63749695
0.49014133,1.04684293,0.30206525,0.52689445,0.88617253,1.07454467,0.15253505,0.22327840,0.30002257,0.48618525,0.45853060,0.56183928,0.48833692,0.56893480,1.09575713,0.58521938,0.42566219,1.03674960,0.78385854,0.29401410,0.96841449,0.51751029,0.72541225,0.80699682,0.58260036,0.69970101,0.58314979,0.15703265,0.66133678,0.00000000,0.75581694,0.52122301,0.20586671,0.49808091,0.16264743,0.27485648,1.26196122,0.13562077,0.86224508,0.84416443,1.00407588,1.01197958,0.80058128,0.84947491,0.54277027,0.56915009,0.57927161,0.73804611,0.27928513,0.80575424,0.90866166,0.52300853,0.29819274,0.02518727,0.68188846,1.28394735,1.12017512,0.32212049,0.77893049,1.00835919
0.43385786,0.67658472,0.91111815,0.42759979,0.83509064,0.31872767,0.90835202,0.97909534,0.45579436,0.37674183,0.86628944,1.17089224,0.26748002,0.30476043,0.38450444,0.85014439,1.03471506,0.56929654,0.17480564,1.04983103,0.53915673,0.80668509,0.55645514,0.21039438,0.21573806,0.15026671,0.41788948,0.76608557,1.02957809,0.75581694,0.00000000,0.33409673,0.96168363,0.47390109,0.68092376,1.03067350,0.50614429,0.83848673,0.88866991,0.49951655,0.54176068,0.64894128,0.20772010,0.47803247,0.52618074,1.01926041,0.17654532,0.56663615,0.88833803,0.19670135,0.50279945,0.28738087,1.05400968,0.78100419,1.18587816,0.52813041,0.51112217,0.93117338,0.15729374,0.39208108
0.34602797,0.62512273,0.82328832,0.09350306,0.74726075,0.65282440,0.57425529,0.64499861,0.34055373,0.04264510,0.53219271,1.08306229,0.13649386,0.21693054,0.67403692,0.76231444,0.94688523,0.61502934,0.26263553,0.71573430,0.54669428,0.47258836,0.22235841,0.28577381,0.16088015,0.27798080,0.33005959,0.67825568,0.94174814,0.52122301,0.33409673,0.00000000,0.62758690,0.38607121,0.35857558,0.69657671,0.84024107,0.50439000,0.80084002,0.32294142,0.58235562,0.59025931,0.37886107,0.32825190,0.43835086,0.93143052,0.15755141,0.23253942,0.80050814,0.33037615,0.48694146,0.04671586,0.71991295,0.50041145,1.09804821,0.86222720,0.59895205,0.84334350,0.35721028,0.58663893
0.69600803,1.25270963,0.26459044,0.59449065,1.09203935,1.28041124,0.06619946,0.19663930,0.50588930,0.58494180,0.52612680,0.52844030,0.69420362,0.77480149,1.30162382,0.79108608,0.57479650,1.24261618,0.85145473,0.08814740,1.17428112,0.58510649,0.79300845,0.87459302,0.78846705,0.90556771,0.78901649,0.24536559,0.86720353,0.20586671,0.96168363,0.62758690,0.00000000,0.70394760,0.28075987,0.15462455,1.46782792,0.20321698,1.06811190,0.91176063,1.20994258,1.21784616,1.00644803,0.91707110,0.74863696,0.77501678,0.78513831,0.80564231,0.21168892,0.95796305,1.11452842,0.67430276,0.09232602,0.18067944,0.88775516,1.48981404,1.18777132,0.47690493,0.98479718,1.21422577
0.04004323,0.54876202,0.43935719,0.39174265,0.38809165,0.57646370,0.65061593,0.72135931,0.19805834,0.35103345,0.60855341,0.69699109,0.24957734,0.16914067,0.59767622,0.37624326,0.56081402,0.53866863,0.64870673,0.79209501,0.47033358,0.54894906,0.59026045,0.67184502,0.25816303,0.32363439,0.08506888,0.45858204,0.55567694,0.49808091,0.47390109,0.38607121,0.70394760,0.00000000,0.42318773,0.77293742,0.76388037,0.58075070,0.41476882,0.70901263,0.50599492,0.51389861,0.30250037,0.71432310,0.05227965,0.54535931,0.33143151,0.60289431,0.56030023,0.67060244,0.41058075,0.38785672,0.79627359,0.52326816,0.71197706,0.78586650,0.98502326,0.45727229,0.63119483,0.51027822
0.41524816,0.97194976,0.46471268,0.36424702,0.81127936,0.99965143,0.22742823,0.29817158,0.22512940,0.32353783,0.29588318,0.72448671,0.41344374,0.49404159,1.02086401,0.51032615,0.58830965,0.96185637,0.62121111,0.36890727,0.89352131,0.35486287,0.56276482,0.64434940,0.50770718,0.62480783,0.50825661,0.31968009,0.58644366,0.16264743,0.68092376,0.35857558,0.28075987,0.42318773,0.00000000,0.34974965,1.18706810,0.15756297,0.78735197,0.68151700,0.92918265,0.93708634,0.72568810,0.68682748,0.46787709,0.57285494,0.50437844,0.57539868,0.44193256,0.67720318,0.83376849,0.39354289,0.37308589,0.14183588,0.73947269,1.20905423,0.95752764,0.48476791,0.70403731,0.93346596
0.76499784,1.32169938,0.38909361,0.60307366,1.16102898,1.34940112,0.12232143,0.05157807,0.57487905,0.65393162,0.37150225,0.64886761,0.76319343,0.84379125,1.37061357,0.86007583,0.64378625,1.31160605,0.89650506,0.07782195,1.24327099,0.43048194,0.63838392,0.82027906,0.85745686,0.97455752,0.85800624,0.31435537,0.93619329,0.27485648,1.03067350,0.69657671,0.15462455,0.77293742,0.34974965,0.00000000,1.53681779,0.19218668,1.13710165,0.75713611,1.27893233,1.28683603,1.07543778,0.76244658,0.81762671,0.84400654,0.85412812,0.65101779,0.36631349,1.02695286,1.18351817,0.74329257,0.07629818,0.24966922,0.95674491,1.55880392,1.03314674,0.54589474,1.05378699,1.28321564
0.77181995,0.46406615,1.20323753,0.93374413,0.62257206,0.18741664,1.41449642,1.48523962,0.96193874,0.88288617,1.37243378,0.95837361,0.77362430,0.69302648,0.17198582,0.67674190,0.89303148,0.35677794,0.64031273,1.55597544,0.32663810,1.31282949,1.06259942,0.71653873,0.67936087,0.56226027,0.67881143,1.22246242,0.81705940,1.26196122,0.50614429,0.84024107,1.46782792,0.76388037,1.18706810,1.53681779,0.00000000,1.34463108,0.67615128,1.00566077,0.32924205,0.43642271,0.46137998,0.98417675,0.71919096,0.80674183,0.68268967,1.07278049,1.32418060,0.50986493,0.35329959,0.79352522,1.56015396,1.28714848,0.97335958,0.06014788,0.88307250,0.99092305,0.48303077,0.25360215
0.57281113,1.12951279,0.43768603,0.41088694,0.96884233,1.15721440,0.13701752,0.14060861,0.38269237,0.46174490,0.32290983,0.69746006,0.57100672,0.65160453,1.17842698,0.66788918,0.56128293,1.11941934,0.70431834,0.21134432,1.05108428,0.38188952,0.58979148,0.67137605,0.66527015,0.78237081,0.66581959,0.29265344,0.74400663,0.13562077,0.83848673,0.50439000,0.20321698,0.58075070,0.15756297,0.19218668,1.34463108,0.00000000,0.94491494,0.70854366,1.08674562,1.09464931,0.88325107,0.71385413,0.62544006,0.65181988,0.66194141,0.60242534,0.41490591,0.83476615,0.99133146,0.55110586,0.21552293,0.11480923,0.76455826,1.36661720,0.98455429,0.45774126,0.86160028,1.09102893
0.45481205,0.21208517,0.80352134,0.80651152,0.05357924,0.61492050,1.01478016,1.08552349,0.56222254,0.76580226,0.97271764,0.53967148,0.66434622,0.58390951,0.50416547,0.27702573,0.49331531,0.31937337,1.06347561,1.15625918,0.34951317,0.91311324,1.00502932,1.08661389,0.67293185,0.73840320,0.47078043,0.82274616,0.20090830,0.86224508,0.88866991,0.80084002,1.06811190,0.41476882,0.78735197,1.13710165,0.67615128,0.94491494,0.00000000,1.12378144,0.34690925,0.23972860,0.68094981,1.12909198,0.36248916,0.29309499,0.74620032,1.01766312,0.92446440,1.08537126,0.38587046,0.80262554,1.16043782,0.88743240,0.29720825,0.61600339,1.39979208,0.59120685,1.04596364,0.49658883
0.66896939,0.91169626,1.14622974,0.31726998,1.07020223,0.81824422,0.84556121,0.71512133,0.66349518,0.35797918,0.38563383,1.40600371,0.45943528,0.53987193,0.83945674,1.08525586,1.26982665,0.80440807,0.36534816,0.83495802,0.77426827,0.32665414,0.11875218,0.28912216,0.45084959,0.44340062,0.65300101,1.00119710,1.26468956,0.84416443,0.49951655,0.32294142,0.91176063,0.70901263,0.68151700,0.75713611,1.00566077,0.70854366,1.12378144,0.00000000,0.77687222,0.88405287,0.54428089,0.02148408,0.76129228,1.25437188,0.37758112,0.10611832,1.12344956,0.49579597,0.73791099,0.32115591,0.83343428,0.82335287,1.42098975,1.02764702,0.27601063,1.16628492,0.52263010,0.75205874
0.51393449,0.13482408,0.94535214,0.67585868,0.29333001,0.26801124,1.15661097,1.22735429,0.70405328,0.62500077,1.11454833,0.68150222,0.51573896,0.43514109,0.15725623,0.41885650,0.63514608,0.03267369,0.71656626,1.29808998,0.03566138,1.05494404,0.80471408,0.73970455,0.42147550,0.39149395,0.42092606,0.96457696,0.48781738,1.00407588,0.54176068,0.58235562,1.20994258,0.50599492,0.92918265,1.27893233,0.32924205,1.08674562,0.34690925,0.77687222,0.00000000,0.10718066,0.33404055,0.78218269,0.46130559,0.47749978,0.42480424,0.81489503,1.06629515,0.73846197,0.09541419,0.53563976,1.30226862,1.02926314,0.64411747,0.27987152,1.05288279,0.73303759,0.69905436,0.14967959
0.52183819,0.03486345,0.95325577,0.68376237,0.18614936,0.37519190,1.16451454,1.23525786,0.71195692,0.63290441,1.12245202,0.68940586,0.52364254,0.44304472,0.26443690,0.42676014,0.64304972,0.07964478,0.82374698,1.30599356,0.10978460,1.06284761,0.81261772,0.84688526,0.43320325,0.49867460,0.42882970,0.97248065,0.38063672,1.01197958,0.64894128,0.59025931,1.21784616,0.51389861,0.93708634,1.28683603,0.43642271,1.09464931,0.23972860,0.88405287,0.10718066,0.00000000,0.44122121,0.88936335,0.46920922,0.44282940,0.50647175,0.82279873,1.07419884,0.84564269,0.14614186,0.56289697,1.31017232,1.03716683,0.53693682,0.37627482,1.16006351,0.74094129,0.80623507,0.25686026
0.31043994,0.46886462,0.74185753,0.47236413,0.62737060,0.27396333,0.95311636,1.02385974,0.50055873,0.42150617,0.91105378,0.96317208,0.31224436,0.23164651,0.29517585,0.64242423,0.82699502,0.36157644,0.38252574,1.09459543,0.33143663,0.85144943,0.60121948,0.40566403,0.21798092,0.10088027,0.21743149,0.76108241,0.82185793,0.80058128,0.20772010,0.37886107,1.00644803,0.30250037,0.72568810,1.07543778,0.46137998,0.88325107,0.68094981,0.54428089,0.33404055,0.44122121,0.00000000,0.52279681,0.31846064,0.81154031,0.22130966,0.61140049,0.86280060,0.40442145,0.29507935,0.33214521,1.09877396,0.82576853,0.97815806,0.48336610,0.71884227,0.72345328,0.36501384,0.20777784
0.67427987,0.91700673,1.15154016,0.32258046,1.07551265,0.79676014,0.85087168,0.72043180,0.66880560,0.36328965,0.39094430,1.41131425,0.46474576,0.54518247,0.81797266,1.09056640,1.27513719,0.80971855,0.34386408,0.84026849,0.77957875,0.33196461,0.12406266,0.26763809,0.45616007,0.42191654,0.65831149,1.00650764,1.27000010,0.84947491,0.47803247,0.32825190,0.91707110,0.71432310,0.68682748,0.76244658,0.98417675,0.71385413,1.12909198,0.02148408,0.78218269,0.88936335,0.52279681,0.00000000,0.76660275,1.25968242,0.38289160,0.11142880,1.12876010,0.47431189,0.74322146,0.32646638,0.83874476,0.82866335,1.42630017,1.00616288,0.27070016,1.17159534,0.50114602,0.73057467
0.09232289,0.50407267,0.48404655,0.44402230,0.34340230,0.53177434,0.69530535,0.76604867,0.24274769,0.40331310,0.65324277,0.64471143,0.30185699,0.22142032,0.55298686,0.32396361,0.50853431,0.49397928,0.70098639,0.83678436,0.42564422,0.59363842,0.64254010,0.72412467,0.31044269,0.37591404,0.10829127,0.50327140,0.50339729,0.54277027,0.52618074,0.43835086,0.74863696,0.05227965,0.46787709,0.81762671,0.71919096,0.62544006,0.36248916,0.76129228,0.46130559,0.46920922,0.31846064,0.76660275,0.00000000,0.49307966,0.38371116,0.65517396,0.60498959,0.72288209,0.36589140,0.44013637,0.84096301,0.56795752,0.65969741,0.74117708,1.03730297,0.40499264,0.68347448,0.46558887
0.58540255,0.47769284,0.51042640,0.93710196,0.31702244,0.74551100,0.72168517,0.79242849,0.59087682,0.89639276,0.86873811,0.24657649,0.79493666,0.71450001,0.63475597,0.16911606,0.20022033,0.46759945,1.19406605,0.86316419,0.48010370,0.92771780,1.13561976,1.21720433,0.80352235,0.86899370,0.60137093,0.52965122,0.09218668,0.56915009,1.01926041,0.93143052,0.77501678,0.54535931,0.57285494,0.84400654,0.80674183,0.65181988,0.29309499,1.25437188,0.47749978,0.44282940,0.81154031,1.25968242,0.49307966,0.00000000,0.87679082,1.14825368,0.63136941,1.21596169,0.51646096,0.93321604,0.86734283,0.59433734,0.16661774,0.74659395,1.53038263,0.29811186,1.17655420,0.62717938
0.29138827,0.53411514,0.76864862,0.25105447,0.69262111,0.49527299,0.73180670,0.80255002,0.28591403,0.20019650,0.68974411,1.02842259,0.09093469,0.16229084,0.51648551,0.70767474,0.89224553,0.45747793,0.31727523,0.87328571,0.39668715,0.63013977,0.37990981,0.34041351,0.07326847,0.12042940,0.27541989,0.62361598,0.88710845,0.57927161,0.17654532,0.15755141,0.78513831,0.33143151,0.50437844,0.85412812,0.68268967,0.66194141,0.74620032,0.37758112,0.42480424,0.50647175,0.22130966,0.38289160,0.38371116,0.87679082,0.00000000,0.39009082,0.74586844,0.33917093,0.36032987,0.11083555,0.87746435,0.60445887,1.04340863,0.70467579,0.65359175,0.78870380,0.29976332,0.42908752
0.56285107,0.85766214,1.04011142,0.21115166,0.96408385,0.88536382,0.73944288,0.60900301,0.55737686,0.25186086,0.29965329,1.29988539,0.35331696,0.43375364,0.90657634,0.97913760,1.16370821,0.84756875,0.43246776,0.72883970,0.77923369,0.24004894,0.01263386,0.35624176,0.39341956,0.51052022,0.54688269,0.89507878,1.15857124,0.73804611,0.56663615,0.23253942,0.80564231,0.60289431,0.57539868,0.65101779,1.07278049,0.60242534,1.01766312,0.10611832,0.81489503,0.82279873,0.61140049,0.11142880,0.65517396,1.14825368,0.39009082,0.00000000,1.01733124,0.56291556,0.71948087,0.27925527,0.72731596,0.71723455,1.31487131,1.09476662,0.38212895,1.06016660,0.58974969,0.81917834
0.55236065,1.10906219,0.12094305,0.80617958,0.94839191,1.13676393,0.27788839,0.40832824,0.45995441,0.76547039,0.73781574,0.38479292,0.66401428,0.63115406,1.15797639,0.64743865,0.43114910,1.09896886,1.06314373,0.28849155,1.03063381,0.79679543,1.00469732,1.08628201,0.67259997,0.76192033,0.64536911,0.12225248,0.72355610,0.27928513,0.88833803,0.80050814,0.21168892,0.56030023,0.44193256,0.36631349,1.32418060,0.41490591,0.92446440,1.12344956,1.06629515,1.07419884,0.86280060,1.12876010,0.60498959,0.63136941,0.74586844,1.01733124,0.00000000,1.08503938,0.97088099,0.80229366,0.29001531,0.30009669,0.74410778,1.34616673,1.39946020,0.33325756,1.04563177,1.07057846
0.63055921,0.87328607,1.10781956,0.42387921,1.03179204,0.47045076,0.90463144,0.97537476,0.62508494,0.37302125,0.86256886,1.36759353,0.42102510,0.50146174,0.58120579,1.04684567,1.23141646,0.76599789,0.13044780,1.04611039,0.73585808,0.80296451,0.55273455,0.20667380,0.41243941,0.34696805,0.61459082,0.96278691,1.22627950,0.80575424,0.19670135,0.33037615,0.95796305,0.67060244,0.67720318,1.02695286,0.50986493,0.83476615,1.08537126,0.49579597,0.73846197,0.84564269,0.40442145,0.47431189,0.72288209,1.21596169,0.33917093,0.56291556,1.08503938,0.00000000,0.69950080,0.28366029,1.05028915,0.78494269,1.38257957,0.53185099,0.37320757,1.12787473,0.03940761,0.58878243
0.41852033,0.17378528,0.84993792,0.58044451,0.33229122,0.22905004,1.06119680,1.13194013,0.60863912,0.52958655,1.01913416,0.66809273,0.42032474,0.33972690,0.18709545,0.34734491,0.53973186,0.12808788,0.67760509,1.20267582,0.05975281,0.95952982,0.70929986,0.70074338,0.32606131,0.35253274,0.32551187,0.86916280,0.52677858,0.90866166,0.50279945,0.48694146,1.11452842,0.41058075,0.83376849,1.18351817,0.35329959,0.99133146,0.38587046,0.73791099,0.09541419,0.14614186,0.29507935,0.74322146,0.36589140,0.51646096,0.36032987,0.71948087,0.97088099,0.69950080,0.00000000,0.44022560,1.20685434,0.93384892,0.68307871,0.37528571,1.01392162,0.63762343,0.66009319,0.11071838
0.34781349,0.59054035,0.82507384,0.14021891,0.74904633,0.60610855,0.62097114,0.69171447,0.34233925,0.08936095,0.57890856,1.08484781,0.13827938,0.21871606,0.62732106,0.76409996,0.94867074,0.56831348,0.26085001,0.76245016,0.49997842,0.51930422,0.26907426,0.28398830,0.12969369,0.23126495,0.33184510,0.68004119,0.94353366,0.52300853,0.28738087,0.04671586,0.67430276,0.38785672,0.39354289,0.74329257,0.79352522,0.55110586,0.80262554,0.32115591,0.53563976,0.56289697,0.33214521,0.32646638,0.44013637,0.93321604,0.11083555,0.27925527,0.80229366,0.28366029,0.44022560,0.00000000,0.76662880,0.50219697,1.09983373,0.81551129,0.59716654,0.84512901,0.31049442,0.53992307
0.78833401,1.34503567,0.35691646,0.62640989,1.18436527,1.37273741,0.14565766,0.11831293,0.59821528,0.67726785,0.44780043,0.62076634,0.78652966,0.86712754,1.39394987,0.88341200,0.66712254,1.33494234,0.91984129,0.00417861,1.26660728,0.50678015,0.71468210,0.84361529,0.88079309,0.99789375,0.88134253,0.33769161,0.95952952,0.29819274,1.05400968,0.71991295,0.09232602,0.79627359,0.37308589,0.07629818,1.56015396,0.21552293,1.16043782,0.83343428,1.30226862,1.31017232,1.09877396,0.83874476,0.84096301,0.86734283,0.87746435,0.72731596,0.29001531,1.05028915,1.20685434,0.76662880,0.00000000,0.27300546,0.98008120,1.58214009,1.10944486,0.56923097,1.07712317,1.30655193
0.51532859,1.07203019,0.32287681,0.50608289,0.91135979,1.09973192,0.12734780,0.19809115,0.32520986,0.46537369,0.43771905,0.58265084,0.51352417,0.59412205,1.12094438,0.61040664,0.44647372,1.06193686,0.76304698,0.26882684,0.99360174,0.49669874,0.70460069,0.78618526,0.60778761,0.72488827,0.60833704,0.17784420,0.68652409,0.02518727,0.78100419,0.50041145,0.18067944,0.52326816,0.14183588,0.24966922,1.28714848,0.11480923,0.88743240,0.82335287,1.02926314,1.03716683,0.82576853,0.82866335,0.56795752,0.59433734,0.60445887,0.71723455,0.30009669,0.78494269,0.93384892,0.50219697,0.27300546,0.00000000,0.70707572,1.30913460,1.09936357,0.34293205,0.80411774,1.03354645
0.75202030,0.50929344,0.62316471,1.10371971,0.35078749,0.91212875,0.83442354,0.90516686,0.75749457,1.06301045,1.03535581,0.35931486,0.96155441,0.88111770,0.80137372,0.33573380,0.31295869,0.61658162,1.36068380,0.97590256,0.64672142,1.09433556,1.30223751,1.38382208,0.97014010,1.03561139,0.76798868,0.64238960,0.15630013,0.68188846,1.18587816,1.09804821,0.88775516,0.71197706,0.73947269,0.95674491,0.97335958,0.76455826,0.29720825,1.42098975,0.64411747,0.53693682,0.97815806,1.42630017,0.65969741,0.16661774,1.04340863,1.31487131,0.74410778,1.38257957,0.68307871,1.09983373,0.98008120,0.70707572,0.00000000,0.91321170,1.69700027,0.41085023,1.34317183,0.79379708
0.79380608,0.40391827,1.22522366,0.95573026,0.56242418,0.20940277,1.43648243,1.50722575,0.98392487,0.90487224,1.39441991,0.96137375,0.79561043,0.71501261,0.18819027,0.69872802,0.91501760,0.29663005,0.66229886,1.57796144,0.31553292,1.33481550,1.08458555,0.73852485,0.70134699,0.58424640,0.70079756,1.24444854,0.75691152,1.28394735,0.52813041,0.86222720,1.48981404,0.78586650,1.20905423,1.55880392,0.06014788,1.36661720,0.61600339,1.02764702,0.27987152,0.37627482,0.48336610,1.00616288,0.74117708,0.74659395,0.70467579,1.09476662,1.34616673,0.53185099,0.37528571,0.81551129,1.58214009,1.30913460,0.91321170,0.00000000,0.90505862,1.01290917,0.50501692,0.27558827
0.94498003,1.18770695,1.42224038,0.59328061,1.34621286,0.78487158,1.12157178,0.99113196,0.93950582,0.63398981,0.66164446,1.68201435,0.73544592,0.81588256,0.89562660,1.36126661,1.54583716,1.08041871,0.33631653,1.11096859,1.05027890,0.60266477,0.39476281,0.31317824,0.72686023,0.66138887,0.92901164,1.27720773,1.54070020,1.12017512,0.51112217,0.59895205,1.18777132,0.98502326,0.95752764,1.03314674,0.88307250,0.98455429,1.39979208,0.27601063,1.05288279,1.16006351,0.71884227,0.27070016,1.03730297,1.53038263,0.65359175,0.38212895,1.39946020,0.37320757,1.01392162,0.59716654,1.10944486,1.09936357,1.69700027,0.90505862,0.00000000,1.44229555,0.40004170,0.90320325
0.49731553,0.77580470,0.21231450,0.84901494,0.61513436,0.80350637,0.42357329,0.49431664,0.50278974,0.80830574,0.78065109,0.23971879,0.70684963,0.62641299,0.82471889,0.31418112,0.10354170,0.76571131,1.10597897,0.56505233,0.69737625,0.83963078,1.04753280,1.12911725,0.71543533,0.78090668,0.51328391,0.23153935,0.39029855,0.32212049,0.93117338,0.84334350,0.47690493,0.45727229,0.48476791,0.54589474,0.99092305,0.45774126,0.59120685,1.16628492,0.73303759,0.74094129,0.72345328,1.17159534,0.40499264,0.29811186,0.78870380,1.06016660,0.33325756,1.12787473,0.63762343,0.84512901,0.56923097,0.34293205,0.41085023,1.01290917,1.44229555,0.00000000,1.08846712,0.73732090
0.59115160,0.83387846,1.06841195,0.45071334,0.99238443,0.43104315,0.93146557,1.00220895,0.58567733,0.39985538,0.88940299,1.32818592,0.38161749,0.46205416,0.54179817,1.00743806,1.19200885,0.72659028,0.15728194,1.07294464,0.69645047,0.82979864,0.57956868,0.23350793,0.37303180,0.30756044,0.57518321,0.92337930,1.18687177,0.77893049,0.15729374,0.35721028,0.98479718,0.63119483,0.70403731,1.05378699,0.48303077,0.86160028,1.04596364,0.52263010,0.69905436,0.80623507,0.36501384,0.50114602,0.68347448,1.17655420,0.29976332,0.58974969,1.04563177,0.03940761,0.66009319,0.31049442,1.07712317,0.80411774,1.34317183,0.50501692,0.40004170,1.08846712,0.00000000,0.54937482
0.51821780,0.28450367,0.94963539,0.68014199,0.44300961,0.11833166,1.16089416,1.23163748,0.70833659,0.62928402,1.11883163,0.77881110,0.52002221,0.43942434,0.08739799,0.45806330,0.64263403,0.17721547,0.56688672,1.30237317,0.14707565,1.05922723,0.80899733,0.59002501,0.42575878,0.30865812,0.42520934,0.96886027,0.63749695,1.00835919,0.39208108,0.58663893,1.21422577,0.51027822,0.93346596,1.28321564,0.25360215,1.09102893,0.49658883,0.75205874,0.14967959,0.25686026,0.20777784,0.73057467,0.46558887,0.62717938,0.42908752,0.81917834,1.07057846,0.58878243,0.11071838,0.53992307,1.30655193,1.03354645,0.79379708,0.27558827,0.90320325,0.73732090,0.54937482,0.00000000
