0.00000000,0.32195025,0.13901916,0.17619938,0.43237502,0.68978571,0.52847546,0.27696126,0.48341943,0.50704375,0.11718357,0.72764069,0.46089909,0.15754535,0.10120901,0.28986288,0.16746481,0.76427483,0.79443543,0.12793472,0.56203595,0.81083115,1.02114156,0.79222138,0.16520967,0.44490270,0.62935798,0.50312349,0.62407303,0.45037874,0.87265493,0.28086074,0.77764355,0.21556676,0.39428097,0.58216057,0.65310738,0.14864313,0.82107657,0.46250263,0.81201666,0.35087569,0.31199493,0.82026120,0.22791768,0.22941306,0.11268922,0.66907128,0.49253537,0.14928052,0.48778661,0.21904175,0.71282217,0.32474382,0.74497264,0.44345226,0.14913417,0.71771226,0.80977717,0.16879891
0.32195025,0.00000000,0.41287724,0.18362048,0.33948584,0.36993721,0.55178645,0.09762532,0.54744721,0.35558785,0.43651723,0.45981580,0.15569406,0.20548880,0.41223023,0.26632594,0.31404039,0.62434501,0.50386122,0.21097284,0.24770882,0.54620443,0.70967967,0.53176990,0.41332230,0.13829829,0.30913273,0.31811464,0.52260796,0.30659897,0.55562150,0.55979176,0.55160917,0.40099841,0.12832332,0.39375339,0.42984765,0.45505588,0.65556509,0.32112803,0.54832114,0.24249539,0.14819669,0.54301942,0.21169563,0.09669965,0.39927413,0.69052372,0.48496852,0.29474273,0.49639199,0.48784755,0.42772421,0.37044664,0.58753557,0.25061712,0.47108233,0.58215168,0.50714401,0.43197380
0.13901916,0.41287724,0.00000000,0.30403214,0.40901267,0.78108586,0.44203127,0.34121572,0.38541750,0.49686192,0.15182993,0.84860703,0.56421119,0.21060878,0.06749826,0.42824422,0.13183786,0.90280576,0.90798743,0.25503764,0.66045619,0.93341560,1.07636380,0.81284574,0.27125479,0.54722292,0.72024095,0.63550931,0.57974821,0.58573087,0.93796539,0.33754666,0.90821432,0.11266649,0.50764837,0.71563765,0.78281444,0.20312568,0.95858769,0.45466295,0.93486541,0.35441246,0.35259068,0.93906599,0.36315564,0.31629030,0.02800581,0.57335017,0.42263708,0.13569391,0.62339765,0.29721369,0.75217967,0.26339707,0.88262437,0.46082245,0.14069296,0.85624639,0.85951651,0.03024319
0.17619938,0.18362048,0.30403214,0.00000000,0.43188760,0.53103609,0.59557848,0.19316341,0.56875932,0.48034240,0.27534318,0.55149924,0.29642773,0.16485749,0.27728325,0.14788145,0.26188491,0.61017159,0.62001385,0.04915662,0.39943286,0.63463910,0.89177773,0.70769292,0.23058322,0.28191533,0.47215888,0.33168687,0.63026835,0.28485916,0.73550478,0.37750729,0.60428750,0.34240722,0.22287810,0.41218630,0.47905343,0.28314181,0.66059616,0.43823861,0.63583478,0.33172260,0.25281410,0.64434555,0.07081899,0.12611158,0.28159066,0.74045878,0.54189907,0.23709284,0.38463510,0.30541218,0.60918258,0.38791497,0.58545567,0.38930289,0.31608530,0.56398908,0.69075935,0.33095725
0.43237502,0.33948584,0.40901267,0.43188760,0.00000000,0.57188716,0.23336995,0.25642539,0.25783569,0.09317045,0.53086249,0.75680118,0.45687698,0.28828042,0.45813868,0.56932243,0.28276404,0.96311384,0.77018486,0.41688623,0.50382937,0.83972051,0.73581416,0.42623026,0.59232923,0.44247243,0.52131245,0.65691675,0.19887772,0.64491679,0.62962291,0.71185370,0.87079628,0.31318931,0.46376283,0.73044261,0.75598051,0.57486776,0.99087928,0.06250732,0.84254361,0.10181584,0.19438086,0.82375843,0.49557242,0.31528339,0.41852352,0.35912092,0.16039458,0.29081911,0.81030963,0.65138052,0.40203226,0.16363321,0.92498384,0.13172263,0.53949396,0.92138955,0.52114024,0.40420545
0.68978571,0.36993721,0.78108586,0.53103609,0.57188716,0.00000000,0.80422741,0.44378237,0.82727816,0.52280165,0.80152500,0.26158566,0.23559155,0.57099671,0.78207583,0.53340886,0.67200480,0.59472852,0.22134466,0.57014479,0.13307965,0.31937298,0.41359173,0.43514877,0.75539628,0.24925334,0.06087028,0.38423761,0.67506429,0.43550994,0.25141515,0.90093624,0.40602489,0.75486936,0.31598979,0.39727018,0.34919667,0.81394969,0.57937683,0.51850226,0.32300830,0.51705078,0.45520299,0.28564030,0.52345626,0.46632042,0.76870206,0.91669656,0.73105367,0.65604640,0.67600355,0.82959546,0.31248282,0.68038237,0.54463886,0.44017325,0.83842367,0.57237634,0.29055643,0.79836676
0.52847546,0.55178645,0.44203127,0.59557848,0.23336995,0.80422741,0.00000000,0.45777470,0.07211142,0.29074365,0.59176560,0.98757569,0.68360863,0.43145897,0.50755097,0.74277504,0.36177564,1.17311251,1.00343336,0.56539017,0.73637046,1.07129675,0.92591890,0.59070153,0.69223867,0.66827203,0.75448538,0.86811447,0.21994678,0.84670637,0.83999853,0.77917488,1.09695437,0.32977544,0.67984844,0.94526233,0.97886473,0.64246680,1.20720644,0.28627362,1.07404213,0.31220279,0.40408933,1.05646982,0.66560960,0.50196198,0.46369733,0.14489530,0.07318471,0.38275934,0.97942505,0.73352609,0.60306527,0.20952850,1.13825263,0.36447027,0.58211379,1.12954001,0.72173183,0.42207851
0.27696126,0.09762532,0.34121572,0.19316341,0.25642539,0.44378237,0.45777470,0.00000000,0.45063218,0.29081423,0.39406472,0.55598023,0.24890594,0.13140356,0.35343164,0.31700154,0.22836375,0.71555169,0.59548952,0.19744161,0.33198741,0.64227499,0.74535775,0.52413928,0.40153093,0.23168137,0.38337982,0.41034641,0.44926379,0.39138796,0.60034847,0.54243585,0.64919267,0.31272776,0.22507970,0.48793909,0.52710249,0.42223620,0.74989532,0.25074652,0.64448044,0.15522584,0.06332674,0.63734748,0.24725218,0.06705673,0.33237891,0.59849070,0.39296906,0.21239637,0.55689140,0.47264491,0.43707886,0.27283679,0.68050030,0.19621919,0.42217308,0.67232473,0.53289043,0.35615324
0.48341943,0.54744721,0.38541750,0.56875932,0.25783569,0.82727816,0.07211142,0.45063218,0.00000000,0.33067401,0.53685919,0.99546753,0.68807404,0.40404036,0.45225149,0.71663743,0.32055691,1.16080720,1.01851657,0.53425552,0.74943885,1.08046781,0.97626594,0.64621416,0.64437731,0.67195298,0.77467132,0.85855407,0.28635060,0.83192534,0.88199119,0.72279498,1.09806045,0.27536810,0.67558219,0.93748466,0.97724488,0.58802273,1.19909105,0.31724334,1.08303650,0.31793228,0.40333365,1.06875328,0.63952059,0.48675814,0.40887007,0.18803899,0.11548793,0.34348035,0.94893561,0.68085291,0.64807814,0.18281738,1.12826995,0.38850060,0.52372670,1.11630111,0.76757227,0.36314486
0.50704375,0.35558785,0.49686192,0.48034240,0.09317045,0.52280165,0.29074365,0.29081423,0.33067401,0.00000000,0.61135598,0.73070392,0.44584629,0.35476670,0.54239125,0.60735862,0.36768197,0.96643999,0.73206734,0.47353143,0.47424287,0.81033431,0.64911595,0.33352718,0.66153773,0.43377588,0.47806347,0.66308181,0.17058118,0.66046958,0.55148861,0.78789818,0.85403124,0.40477994,0.46928077,0.73131824,0.74584322,0.65303364,0.98709298,0.04457270,0.81340689,0.15697790,0.22831575,0.78955184,0.53795465,0.35629664,0.50440360,0.39391848,0.21990508,0.37269490,0.84600997,0.72455694,0.31788320,0.25680330,0.92524650,0.10702925,0.62332949,0.92695286,0.43748677,0.49393155
0.11718357,0.43651723,0.15182993,0.27534318,0.53086249,0.80152500,0.59176560,0.39406472,0.53685919,0.61135598,0.00000000,0.82087673,0.56952719,0.27156107,0.08460987,0.35495295,0.25017068,0.81740047,0.89390331,0.23198631,0.67187862,0.90165519,1.13826200,0.90623693,0.13479584,0.55417378,0.74152431,0.58253766,0.71468595,0.52344972,0.98923855,0.18795394,0.85718359,0.26220430,0.49817306,0.65780538,0.73542087,0.05130062,0.88051803,0.56720066,0.90252677,0.45779325,0.42704848,0.91500489,0.31017607,0.34579571,0.12817446,0.72487765,0.56741381,0.24004379,0.50854393,0.14596322,0.82931137,0.40253919,0.80437201,0.55525730,0.04503558,0.77128354,0.92692799,0.17714096
0.72764069,0.45981580,0.84860703,0.55149924,0.75680118,0.26158566,0.98757569,0.55598023,0.99546753,0.73070392,0.82087673,0.00000000,0.30848770,0.65685210,0.82853092,0.48224305,0.76897905,0.34880699,0.10299496,0.59982871,0.25650521,0.08640449,0.63350498,0.69585924,0.73535619,0.32524632,0.27293933,0.25807391,0.89592033,0.32505769,0.48569978,0.86688024,0.14463783,0.85672640,0.34318727,0.21584959,0.13071376,0.81687310,0.32189537,0.71466518,0.08851335,0.67806426,0.59364214,0.09510796,0.51111980,0.54609665,0.82903128,1.11516991,0.91586089,0.74753081,0.52813877,0.80204196,0.57141640,0.82591675,0.29860705,0.63180663,0.86395902,0.33618892,0.54940088,0.87257427
0.46089909,0.15569406,0.56421119,0.29642773,0.45687698,0.23559155,0.68360863,0.24890594,0.68807404,0.44584629,0.56952719,0.30848770,0.00000000,0.36015956,0.55696420,0.30699085,0.46967003,0.52465598,0.34816713,0.33754089,0.10307815,0.39442130,0.62157560,0.52139345,0.51984754,0.01739709,0.17858698,0.23238010,0.61611479,0.25460963,0.45918377,0.66561079,0.41400191,0.55669228,0.08295191,0.28991035,0.30055435,0.57956808,0.54144072,0.42210813,0.39676683,0.37197929,0.28534988,0.38844395,0.28878010,0.24934066,0.54857923,0.81580125,0.61311569,0.45005650,0.48842374,0.59413985,0.39925037,0.51743625,0.48141766,0.34051163,0.60802361,0.48780316,0.44457342,0.58483867
0.15754535,0.20548880,0.21060878,0.16485749,0.28828042,0.57099671,0.43145897,0.13140356,0.40404036,0.35476670,0.27156107,0.65685210,0.36015956,0.00000000,0.22317704,0.31271047,0.11253296,0.76542414,0.70766726,0.13511455,0.45279113,0.74297907,0.87432027,0.63500446,0.30678395,0.34285041,0.51021103,0.47212496,0.48592978,0.43600414,0.73126052,0.43623400,0.73320987,0.20019763,0.31395963,0.55323884,0.60782143,0.30618845,0.81037521,0.31028373,0.74479590,0.19780528,0.15555607,0.74373253,0.23552821,0.11134001,0.20098149,0.57634248,0.38036725,0.09070300,0.54796695,0.37075298,0.55889928,0.22312992,0.73685204,0.28604919,0.29524618,0.71988959,0.65991696,0.22745666
0.10120901,0.41223023,0.06749826,0.27728325,0.45813868,0.78207583,0.50755097,0.35343164,0.45225149,0.54239125,0.08460987,0.82853092,0.55696420,0.22317704,0.00000000,0.38625135,0.17538300,0.85892606,0.89406315,0.22870596,0.65669918,0.91190739,1.09748593,0.84858206,0.20634821,0.54055656,0.72131910,0.60366435,0.63656920,0.54972132,0.95377010,0.27165146,0.87844060,0.17781432,0.49323156,0.68225510,0.75409428,0.13583235,0.91779987,0.49895655,0.91311351,0.39308116,0.37597173,0.92089851,0.32799735,0.31646098,0.04391926,0.64026800,0.48495681,0.17027672,0.56739753,0.22971731,0.77975387,0.32190478,0.84156179,0.49563524,0.08139476,0.81241651,0.88273914,0.09445293
0.28986288,0.26632594,0.42824422,0.14788145,0.56932243,0.53340886,0.74277504,0.31700154,0.71663743,0.60735862,0.35495295,0.48224305,0.30699085,0.31271047,0.38625135,0.00000000,0.40686036,0.47456263,0.56731234,0.18636848,0.40230390,0.55772109,0.92852868,0.79360266,0.25397409,0.29889846,0.48154716,0.23105035,0.76538448,0.16901058,0.76613698,0.38584360,0.50346391,0.48344566,0.22442621,0.30341474,0.38412687,0.34127517,0.53162459,0.56774605,0.55813902,0.46764716,0.38021454,0.57733876,0.07723449,0.25418193,0.40248626,0.88758566,0.68757196,0.38210220,0.24102524,0.31985151,0.68235535,0.53566520,0.45542289,0.50821723,0.39988345,0.42800443,0.74530483,0.45744674
0.16746481,0.31404039,0.13183786,0.26188491,0.28276404,0.67200480,0.36177564,0.22836375,0.32055691,0.36768197,0.25017068,0.76897905,0.46967003,0.11253296,0.17538300,0.40686036,0.00000000,0.87093405,0.81778281,0.22060527,0.55892810,0.85518318,0.94847346,0.68100943,0.33245527,0.45228409,0.61169873,0.58219526,0.46468280,0.54285202,0.81374030,0.43544713,0.84538818,0.08775850,0.42634032,0.66344257,0.71987879,0.29681187,0.91853383,0.32470013,0.85703445,0.22259917,0.22737571,0.85520602,0.33161487,0.22291180,0.13676238,0.50372528,0.32533858,0.02480452,0.63164915,0.38079969,0.62186817,0.15754380,0.84427235,0.32912045,0.25672996,0.82496961,0.73090138,0.13658919
0.76427483,0.62434501,0.90280576,0.61017159,0.96311384,0.59472852,1.17311251,0.71555169,1.16080720,0.96643999,0.81740047,0.34880699,0.52465598,0.76542414,0.85892606,0.47456263,0.87093405,0.00000000,0.44114481,0.65554542,0.53611943,0.34600316,0.98229914,1.01306813,0.69456914,0.53463331,0.58637854,0.30626611,1.13696385,0.32967382,0.83257927,0.78432106,0.22225872,0.95257494,0.49970850,0.23529634,0.24702758,0.79232035,0.07840736,0.93821012,0.34306215,0.86677558,0.77221961,0.39379706,0.54312256,0.67404918,0.87695325,1.31392474,1.10830710,0.84627723,0.34603995,0.73861792,0.88604430,0.97838892,0.05042011,0.85960050,0.86209971,0.04656273,0.88489588,0.93198454
0.79443543,0.50386122,0.90798743,0.62001385,0.77018486,0.22134466,1.00343336,0.59548952,1.01851657,0.73206734,0.89390331,0.10299496,0.34816713,0.70766726,0.89406315,0.56731234,0.81778281,0.44114481,0.00000000,0.66680692,0.26942722,0.10836030,0.54719643,0.65020717,0.81731908,0.36556306,0.25480156,0.35201858,0.89054628,0.41838151,0.40911331,0.95315312,0.22297442,0.90485930,0.40110129,0.31741494,0.23368335,0.89411837,0.40392638,0.72207915,0.11210346,0.70121186,0.62434796,0.06594895,0.58747055,0.59642288,0.89042391,1.12378525,0.93057494,0.79791199,0.62968615,0.88637790,0.53114664,0.85731976,0.39189019,0.64044922,0.93574154,0.43323676,0.48974248,0.93008872
0.12793472,0.21097284,0.25503764,0.04915662,0.41688623,0.57014479,0.56539017,0.19744161,0.53425552,0.47353143,0.23198631,0.59982871,0.33754089,0.13511455,0.22870596,0.18636848,0.22060527,0.65554542,0.66680692,0.00000000,0.43996336,0.68327013,0.92032621,0.72057514,0.20621959,0.32223139,0.51046748,0.38050495,0.61572212,0.33235812,0.76654633,0.35081791,0.65340381,0.29783972,0.26754309,0.46081016,0.52820081,0.24509323,0.70749121,0.43010793,0.68450381,0.31984911,0.25094545,0.69233704,0.11257194,0.13378444,0.23244277,0.71013640,0.51545702,0.19589227,0.41483622,0.27945005,0.62791868,0.35613775,0.63206314,0.38947586,0.27108619,0.60919939,0.71516636,0.28220053
0.56203595,0.24770882,0.66045619,0.39943286,0.50382937,0.13307965,0.73637046,0.33198741,0.74943885,0.47424287,0.67187862,0.25650521,0.10307815,0.45279113,0.65669918,0.40230390,0.55892810,0.53611943,0.26942722,0.43996336,0.00000000,0.33681117,0.53169769,0.47882869,0.62248102,0.11774743,0.07946832,0.27879693,0.63966796,0.31988600,0.36800898,0.76788808,0.38548350,0.64447522,0.18293244,0.31302635,0.29280018,0.68257086,0.53791636,0.45920999,0.33977635,0.43187268,0.35587676,0.32011311,0.39037841,0.34416770,0.64619938,0.86067599,0.66389652,0.54092370,0.56093848,0.69659791,0.35205368,0.58835690,0.48854407,0.37651933,0.70984770,0.50562491,0.37275712,0.67966588
0.81083115,0.54620443,0.93341560,0.63463910,0.83972051,0.31937298,1.07129675,0.64227499,1.08046781,0.81033431,0.90165519,0.08640449,0.39442130,0.74297907,0.91190739,0.55772109,0.85518318,0.34600316,0.10836030,0.68327013,0.33681117,0.00000000,0.65348720,0.75321404,0.81165804,0.41128594,0.34217328,0.32849935,0.97361836,0.39474271,0.51744037,0.93957056,0.12374723,0.94293803,0.42914404,0.27215846,0.18223753,0.89568392,0.30100198,0.79601927,0.00376136,0.76277553,0.67927817,0.04851990,0.59148593,0.63233747,0.91344583,1.19734565,0.99927662,0.83363370,0.57782186,0.87646286,0.63178651,0.91182452,0.29885957,0.71330222,0.94516020,0.34494595,0.59641038,0.95769970
1.02114156,0.70967967,1.07636380,0.89177773,0.73581416,0.41359173,0.92591890,0.74535775,0.97626594,0.64911595,1.13826200,0.63350498,0.62157560,0.87432027,1.09748593,0.92852868,0.94847346,0.98229914,0.54719643,0.92032621,0.53169769,0.65348720,0.00000000,0.34251314,1.12233612,0.62994850,0.45309592,0.79782488,0.72474341,0.84776917,0.16375068,1.26914720,0.76956940,1.01477728,0.70414865,0.80685328,0.74743235,1.16220580,0.95071993,0.67350465,0.65710393,0.73759760,0.72391632,0.60607174,0.90308128,0.79348543,1.07234152,0.98778726,0.86161949,0.94083791,1.08889490,1.19709474,0.33448967,0.89108555,0.93204730,0.63011715,1.16752086,0.96749137,0.21827988,1.08497354
0.79222138,0.53176990,0.81284574,0.70769292,0.42623026,0.43514877,0.59070153,0.52413928,0.64621416,0.33352718,0.90623693,0.69585924,0.52139345,0.63500446,0.84858206,0.79360266,0.68100943,1.01306813,0.65020717,0.72057514,0.47882869,0.75321404,0.34251314,0.00000000,0.92564977,0.52005425,0.42859023,0.74912402,0.38324494,0.77596953,0.30631103,1.06579800,0.83948646,0.73139001,0.58796251,0.79150430,0.76684492,0.94064902,1.00765851,0.36785703,0.75690638,0.45847010,0.48039704,0.71604524,0.74346339,0.58694763,0.81549067,0.64547121,0.53072648,0.68001354,1.00526454,0.99657954,0.12703105,0.58936244,0.96448547,0.35299810,0.92645583,0.98409040,0.18010916,0.81463937
0.16520967,0.41332230,0.27125479,0.23058322,0.59232923,0.75539628,0.69223867,0.40153093,0.64437731,0.66153773,0.13479584,0.73535619,0.51984754,0.30678395,0.20634821,0.25397409,0.33245527,0.69456914,0.81731908,0.20621959,0.62248102,0.81165804,1.12233612,0.92564977,0.00000000,0.50681796,0.69799720,0.48467667,0.78680354,0.42088029,0.96591852,0.14699774,0.75440544,0.37086807,0.44035236,0.55417931,0.63734806,0.09866739,0.76099799,0.61706644,0.81209617,0.50458830,0.44993306,0.83045122,0.23402852,0.33977085,0.24389647,0.83134841,0.65770116,0.31444450,0.37570850,0.07490196,0.83413093,0.48989220,0.68545523,0.58741260,0.17540230,0.64908338,0.91999450,0.30009327
0.44490270,0.13829829,0.54722292,0.28191533,0.44247243,0.24925334,0.66827203,0.23168137,0.67195298,0.43377588,0.55417378,0.32524632,0.01739709,0.34285041,0.54055656,0.29889846,0.45228409,0.53463331,0.36556306,0.32223139,0.11774743,0.41128594,0.62994850,0.52005425,0.50681796,0.00000000,0.19118201,0.23865682,0.60424539,0.25648180,0.46820891,0.65293470,0.42886848,0.53929669,0.07465839,0.29945726,0.31394095,0.56499895,0.55333416,0.40898910,0.41359979,0.35637940,0.26895406,0.40569984,0.27705805,0.23211126,0.53176572,0.80116260,0.59804509,0.43270143,0.48705741,0.58129556,0.39933037,0.50069379,0.49212575,0.32788873,0.59235001,0.49698628,0.44913208,0.56771652
0.62935798,0.30913273,0.72024095,0.47215888,0.52131245,0.06087028,0.75448538,0.38337982,0.77467132,0.47806347,0.74152431,0.27293933,0.17858698,0.51021103,0.72131910,0.48154716,0.61169873,0.58637854,0.25480156,0.51046748,0.07946832,0.34217328,0.45309592,0.42859023,0.69799720,0.19118201,0.00000000,0.35032938,0.63578088,0.39586513,0.28934536,0.84403007,0.41362205,0.69495881,0.26057226,0.37467607,0.33941927,0.75472634,0.57908096,0.47027584,0.34559258,0.46164553,0.39657992,0.31501949,0.46735516,0.40546977,0.70783252,0.87096482,0.68133368,0.59552041,0.63724928,0.77244595,0.30215911,0.62385675,0.53718905,0.39004828,0.77811736,0.55991548,0.30422187,0.73761171
0.50312349,0.31811464,0.63550931,0.33168687,0.65691675,0.38423761,0.86811447,0.41034641,0.85855407,0.66308181,0.58253766,0.25807391,0.23238010,0.47212496,0.60366435,0.23105035,0.58219526,0.30626611,0.35201858,0.38050495,0.27879693,0.32849935,0.79782488,0.74912402,0.48467667,0.23865682,0.35032938,0.00000000,0.83322113,0.06698578,0.63520313,0.61109037,0.27516239,0.66757635,0.19419878,0.08126297,0.15323554,0.57187926,0.34064619,0.63331985,0.32867199,0.56059074,0.46611171,0.35210202,0.27580403,0.37314660,0.61237816,1.00817285,0.80253743,0.55820298,0.29376957,0.54819535,0.62425777,0.67714340,0.27016650,0.55605334,0.62703745,0.26468959,0.65145498,0.66263884
0.62407303,0.52260796,0.57974821,0.63026835,0.19887772,0.67506429,0.21994678,0.44926379,0.28635060,0.17058118,0.71468595,0.89592033,0.61611479,0.48592978,0.63656920,0.76538448,0.46468280,1.13696385,0.89054628,0.61572212,0.63966796,0.97361836,0.72474341,0.38324494,0.78680354,0.60424539,0.63578088,0.83322113,0.00000000,0.82881106,0.65873519,0.89984417,1.02222695,0.47199879,0.63919882,0.90187870,0.91568935,0.76139593,1.15749706,0.20148428,0.97680613,0.29870483,0.38597412,0.95020817,0.69280294,0.51132691,0.59426286,0.26414837,0.17982500,0.47731852,1.00593849,0.84260051,0.42075835,0.31643004,1.09582714,0.27737692,0.71736389,1.09732261,0.53360352,0.56848135
0.45037874,0.30659897,0.58573087,0.28485916,0.64491679,0.43550994,0.84670637,0.39138796,0.83192534,0.66046958,0.52344972,0.32505769,0.25460963,0.43600414,0.54972132,0.16901058,0.54285202,0.32967382,0.41838151,0.33235812,0.31988600,0.39474271,0.84776917,0.77596953,0.42088029,0.25648180,0.39586513,0.06698578,0.82881106,0.00000000,0.68427710,0.54494933,0.33447866,0.62610201,0.19616939,0.13443087,0.21675624,0.51015867,0.37602094,0.62743734,0.39480794,0.54556551,0.45103877,0.41904558,0.22271444,0.34549574,0.56149697,0.98899129,0.78384264,0.51835774,0.24138542,0.48289878,0.65360994,0.64927199,0.30142647,0.55404808,0.56826508,0.28458116,0.69090501,0.61375916
0.87265493,0.55562150,0.93796539,0.73550478,0.62962291,0.25141515,0.83999853,0.60034847,0.88199119,0.55148861,0.98923855,0.48569978,0.45918377,0.73126052,0.95377010,0.76613698,0.81374030,0.83257927,0.40911331,0.76654633,0.36800898,0.51744037,0.16375068,0.30631103,0.96591852,0.46820891,0.28934536,0.63520313,0.65873519,0.68427710,0.00000000,1.11291309,0.62670274,0.88577164,0.54199903,0.64740995,0.59251818,1.01040463,0.80693811,0.56751431,0.52117394,0.61394677,0.58652160,0.47238961,0.74317745,0.64344284,0.93159217,0.92173356,0.77088412,0.80368527,0.92551618,1.04081000,0.23873399,0.77470002,0.78216024,0.51091477,1.02066597,0.81472267,0.12827422,0.94910768
0.28086074,0.55979176,0.33754666,0.37750729,0.71185370,0.90093624,0.77917488,0.54243585,0.72279498,0.78789818,0.18795394,0.86688024,0.66561079,0.43623400,0.27165146,0.38584360,0.43544713,0.78432106,0.95315312,0.35081791,0.76788808,0.93957056,1.26914720,1.06579800,0.14699774,0.65293470,0.84403007,0.61109037,0.89984417,0.54494933,1.11291309,0.00000000,0.87210982,0.44940188,0.58522797,0.67408997,0.76091033,0.13877630,0.85617090,0.74336128,0.93969645,0.63166900,0.58660257,0.96180875,0.37785722,0.48313437,0.31554808,0.91055391,0.75529649,0.42274831,0.44341809,0.07210389,0.97785257,0.58988787,0.78293272,0.72172830,0.20037694,0.74103148,1.06585206,0.36008284
0.77764355,0.55160917,0.90821432,0.60428750,0.87079628,0.40602489,1.09695437,0.64919267,1.09806045,0.85403124,0.85718359,0.14463783,0.41400191,0.73320987,0.87844060,0.50346391,0.84538818,0.22225872,0.22297442,0.65340381,0.38548350,0.12374723,0.76956940,0.83948646,0.75440544,0.42886848,0.41362205,0.27516239,1.02222695,0.33447866,0.62670274,0.87210982,0.00000000,0.93241615,0.42504544,0.20030599,0.12577829,0.84462620,0.18115065,0.83388522,0.12080801,0.78482065,0.69502914,0.17170602,0.55085242,0.62663152,0.88581816,1.22979411,1.02691025,0.82227120,0.47980634,0.81364815,0.71437992,0.92202571,0.17550440,0.75134486,0.90182175,0.22308457,0.69394812,0.93463224
0.21556676,0.40099841,0.11266649,0.34240722,0.31318931,0.75486936,0.32977544,0.31272776,0.27536810,0.40477994,0.26220430,0.85672640,0.55669228,0.20019763,0.17781432,0.48344566,0.08775850,0.95257494,0.90485930,0.29783972,0.64447522,0.94293803,1.01477728,0.73139001,0.37086807,0.53929669,0.69495881,0.66757635,0.47199879,0.62610201,0.88577164,0.44940188,0.93241615,0.00000000,0.51408823,0.74883448,0.80680269,0.31314645,1.00211614,0.36533185,0.94479163,0.27813650,0.30362711,0.94278956,0.41033919,0.31064099,0.13403415,0.46334589,0.31058768,0.11015807,0.69937530,0.40551148,0.68368258,0.15666559,0.92736850,0.38668527,0.25332490,0.90636896,0.79651769,0.09675668
0.39428097,0.12832332,0.50764837,0.22287810,0.46376283,0.31598979,0.67984844,0.22507970,0.67558219,0.46928077,0.49817306,0.34318727,0.08295191,0.31395963,0.49323156,0.22442621,0.42634032,0.49970850,0.40110129,0.26754309,0.18293244,0.42914404,0.70414865,0.58796251,0.44035236,0.07465839,0.26057226,0.19419878,0.63919882,0.19616939,0.54199903,0.58522797,0.42504544,0.51408823,0.00000000,0.26679573,0.30211729,0.50454446,0.52807020,0.43912202,0.43091453,0.36934934,0.27583547,0.43180826,0.20750198,0.20395617,0.48949635,0.81780894,0.61245351,0.40455227,0.41730653,0.51414814,0.46969795,0.49752312,0.46124174,0.36227578,0.53839768,0.45880233,0.52338084,0.53064111
0.58216057,0.39375339,0.71563765,0.41218630,0.73044261,0.39727018,0.94526233,0.48793909,0.93748466,0.73131824,0.65780538,0.21584959,0.28991035,0.55323884,0.68225510,0.30341474,0.66344257,0.23529634,0.31741494,0.46081016,0.31302635,0.27215846,0.80685328,0.79150430,0.55417931,0.29945726,0.37467607,0.08126297,0.90187870,0.13443087,0.64740995,0.67408997,0.20030599,0.74883448,0.26679573,0.00000000,0.08994382,0.64440787,0.26197176,0.70367675,0.27159960,0.63590982,0.54192608,0.30366474,0.35430846,0.45324291,0.69216725,1.08423384,0.87871392,0.63946246,0.31235638,0.61424981,0.66493906,0.75663181,0.19462241,0.62456984,0.70258278,0.19797325,0.67886660,0.74301057
0.65310738,0.42984765,0.78281444,0.47905343,0.75598051,0.34919667,0.97886473,0.52710249,0.97724488,0.74584322,0.73542087,0.13071376,0.30055435,0.60782143,0.75409428,0.38412687,0.71987879,0.24702758,0.23368335,0.52820081,0.29280018,0.18223753,0.74743235,0.76684492,0.63734806,0.31394095,0.33941927,0.15323554,0.91568935,0.21675624,0.59251818,0.76091033,0.12577829,0.80680269,0.30211729,0.08994382,0.00000000,0.72510775,0.24558985,0.72265660,0.18172521,0.66679395,0.57534080,0.21449171,0.42723982,0.50196890,0.76064312,1.11401630,0.90983605,0.69667519,0.39946892,0.69958912,0.63989465,0.79963756,0.19779050,0.64099358,0.77979993,0.22322864,0.63855941,0.80908209
0.14864313,0.45505588,0.20312568,0.28314181,0.57486776,0.81394969,0.64246680,0.42223620,0.58802273,0.65303364,0.05130062,0.81687310,0.57956808,0.30618845,0.13583235,0.34127517,0.29681187,0.79232035,0.89411837,0.24509323,0.68257086,0.89568392,1.16220580,0.94064902,0.09866739,0.56499895,0.75472634,0.57187926,0.76139593,0.51015867,1.01040463,0.13877630,0.84462620,0.31314645,0.50454446,0.64440787,0.72510775,0.00000000,0.85786959,0.60863178,0.89634688,0.49787935,0.46027922,0.91164181,0.30671595,0.36888663,0.17919603,0.77605393,0.61689699,0.28475028,0.47383035,0.09512980,0.85923177,0.45116463,0.78208590,0.59203387,0.08070746,0.74664843,0.95341295,0.22829778
0.82107657,0.65556509,0.95858769,0.66059616,0.99087928,0.57937683,1.20720644,0.74989532,1.19909105,0.98709298,0.88051803,0.32189537,0.54144072,0.81037521,0.91779987,0.53162459,0.91853383,0.07840736,0.40392638,0.70749121,0.53791636,0.30100198,0.95071993,1.00765851,0.76099799,0.55333416,0.57908096,0.34064619,1.15749706,0.37602094,0.80693811,0.85617090,0.18115065,1.00211614,0.52807020,0.26197176,0.24558985,0.85786959,0.00000000,0.96164182,0.29765402,0.89741760,0.80366922,0.34951755,0.59610228,0.71368924,0.93342359,1.34586360,1.14043499,0.89412884,0.42154077,0.80813747,0.88118230,1.01778957,0.07627363,0.88113328,0.92544640,0.11582626,0.86948672,0.98725049
0.46250263,0.32112803,0.45466295,0.43823861,0.06250732,0.51850226,0.28627362,0.25074652,0.31724334,0.04457270,0.56720066,0.71466518,0.42210813,0.31028373,0.49895655,0.56774605,0.32470013,0.93821012,0.72207915,0.43010793,0.45920999,0.79601927,0.67350465,0.36785703,0.61706644,0.40898910,0.47027584,0.63331985,0.20148428,0.62743734,0.56751431,0.74336128,0.83388522,0.36533185,0.43912202,0.70367675,0.72265660,0.60863178,0.96164182,0.00000000,0.79897392,0.11247845,0.18763295,0.77762007,0.49720084,0.31522184,0.46146102,0.40190145,0.21330416,0.32899234,0.80731694,0.67998530,0.33957326,0.22197316,0.89813577,0.08287811,0.57973426,0.89784610,0.45863830,0.45273000
0.81201666,0.54832114,0.93486541,0.63583478,0.84254361,0.32300830,1.07404213,0.64448044,1.08303650,0.81340689,0.90252677,0.08851335,0.39676683,0.74479590,0.91311351,0.55813902,0.85703445,0.34306215,0.11210346,0.68450381,0.33977635,0.00376136,0.65710393,0.75690638,0.81209617,0.41359979,0.34559258,0.32867199,0.97680613,0.39480794,0.52117394,0.93969645,0.12080801,0.94479163,0.43091453,0.27159960,0.18172521,0.89634688,0.29765402,0.79897392,0.00000000,0.76538273,0.68171308,0.05187749,0.59235111,0.63421501,0.91482171,1.20024726,1.00205431,0.83543735,0.57665569,0.87673364,0.63543484,0.91419242,0.29605542,0.71624129,0.94607749,0.34234835,0.60016497,0.95921520
0.35087569,0.24249539,0.35441246,0.33172260,0.10181584,0.51705078,0.31220279,0.15522584,0.31793228,0.15697790,0.45779325,0.67806426,0.37197929,0.19780528,0.39308116,0.46764716,0.22259917,0.86677558,0.70121186,0.31984911,0.43187268,0.76277553,0.73759760,0.45847010,0.50458830,0.35637940,0.46164553,0.56059074,0.29870483,0.54556551,0.61394677,0.63166900,0.78482065,0.27813650,0.36934934,0.63590982,0.66679395,0.49787935,0.89741760,0.11247845,0.76538273,0.00000000,0.09470272,0.75084924,0.39428430,0.21352446,0.35797015,0.44847014,0.24330527,0.22300527,0.70859322,0.56775450,0.40558964,0.16494168,0.82995554,0.10859728,0.47286808,0.82433986,0.51935058,0.35660175
0.31199493,0.14819669,0.35259068,0.25281410,0.19438086,0.45520299,0.40408933,0.06332674,0.40333365,0.22831575,0.42704848,0.59364214,0.28534988,0.15555607,0.37597173,0.38021454,0.22737571,0.77221961,0.62434796,0.25094545,0.35587676,0.67927817,0.72391632,0.48039704,0.44993306,0.26895406,0.39657992,0.46611171,0.38597412,0.45103877,0.58652160,0.58660257,0.69502914,0.30362711,0.27583547,0.54192608,0.57534080,0.46027922,0.80366922,0.18763295,0.68171308,0.09470272,0.00000000,0.67049778,0.30972487,0.12798968,0.34865658,0.54232762,0.33678860,0.21743481,0.62021528,0.51858297,0.40394693,0.23322794,0.73571628,0.13854696,0.45031198,0.72968490,0.50765261,0.36264172
0.82026120,0.54301942,0.93906599,0.64434555,0.82375843,0.28564030,1.05646982,0.63734748,1.06875328,0.78955184,0.91500489,0.09510796,0.38844395,0.74373253,0.92089851,0.57733876,0.85520602,0.39379706,0.06594895,0.69233704,0.32011311,0.04851990,0.60607174,0.71604524,0.83045122,0.40569984,0.31501949,0.35210202,0.95020817,0.41904558,0.47238961,0.96180875,0.17170602,0.94278956,0.43180826,0.30366474,0.21449171,0.91164181,0.34951755,0.77762007,0.05187749,0.75084924,0.67049778,0.00000000,0.60558317,0.63248741,0.92014276,1.17951181,0.98393856,0.83439748,0.61365858,0.89711919,0.59655174,0.90369800,0.34617590,0.69536610,0.95786985,0.39130393,0.55548539,0.96240168
0.22791768,0.21169563,0.36315564,0.07081899,0.49557242,0.52345626,0.66560960,0.24725218,0.63952059,0.53795465,0.31017607,0.51111980,0.28878010,0.23552821,0.32799735,0.07723449,0.33161487,0.54312256,0.58747055,0.11257194,0.39037841,0.59148593,0.90308128,0.74346339,0.23402852,0.27705805,0.46735516,0.27580403,0.69280294,0.22271444,0.74317745,0.37785722,0.55085242,0.41033919,0.20750198,0.35430846,0.42723982,0.30671595,0.59610228,0.49720084,0.59235111,0.39428430,0.30972487,0.60558317,0.00000000,0.18201653,0.33878459,0.81044105,0.61083724,0.30681223,0.31629533,0.30709204,0.63787586,0.45843550,0.52041357,0.44190842,0.35386224,0.49673646,0.71023684,0.39142707
0.22941306,0.09669965,0.31629030,0.12611158,0.31528339,0.46632042,0.50196198,0.06705673,0.48675814,0.35629664,0.34579571,0.54609665,0.24934066,0.11134001,0.31646098,0.25418193,0.22291180,0.67404918,0.59642288,0.13378444,0.34416770,0.63233747,0.79348543,0.58694763,0.33977085,0.23211126,0.40546977,0.37314660,0.51132691,0.34549574,0.64344284,0.48313437,0.62663152,0.31064099,0.20395617,0.45324291,0.50196890,0.36888663,0.71368924,0.31522184,0.63421501,0.21352446,0.12798968,0.63248741,0.18201653,0.00000000,0.30259524,0.64522081,0.44122777,0.20192489,0.49507549,0.41233085,0.49475572,0.30448652,0.64198411,0.26325236,0.37812283,0.62960993,0.58490892,0.33586893
0.11268922,0.39927413,0.02800581,0.28159066,0.41852352,0.76870206,0.46369733,0.33237891,0.40887007,0.50440360,0.12817446,0.82903128,0.54857923,0.20098149,0.04391926,0.40248626,0.13676238,0.87695325,0.89042391,0.23244277,0.64619938,0.91344583,1.07234152,0.81549067,0.24389647,0.53176572,0.70783252,0.61237816,0.59426286,0.56149697,0.93159217,0.31554808,0.88581816,0.13403415,0.48949635,0.69216725,0.76064312,0.17919603,0.93342359,0.46146102,0.91482171,0.35797015,0.34865658,0.92014276,0.33878459,0.30259524,0.00000000,0.59690870,0.44122509,0.13549605,0.59558795,0.27229796,0.75086931,0.27888656,0.85737468,0.46263892,0.12313729,0.83039049,0.85630711,0.05814741
0.66907128,0.69052372,0.57335017,0.74045878,0.35912092,0.91669656,0.14489530,0.59849070,0.18803899,0.39391848,0.72487765,1.11516991,0.81580125,0.57634248,0.64026800,0.88758566,0.50372528,1.31392474,1.12378525,0.71013640,0.86067599,1.19734565,0.98778726,0.64547121,0.83134841,0.80116260,0.87096482,1.00817285,0.26414837,0.98899129,0.92173356,0.91055391,1.22979411,0.46334589,0.81780894,1.08423384,1.11401630,0.77605393,1.34586360,0.40190145,1.20024726,0.44847014,0.54232762,1.17951181,0.81044105,0.64522081,0.59690870,0.00000000,0.20563656,0.52548553,1.12430376,0.86885508,0.68316485,0.35406459,1.27800210,0.48424617,0.71109560,1.27081484,0.79740277,0.55061647
0.49253537,0.48496852,0.42263708,0.54189907,0.16039458,0.73105367,0.07318471,0.39296906,0.11548793,0.21990508,0.56741381,0.91586089,0.61311569,0.38036725,0.48495681,0.68757196,0.32533858,1.10830710,0.93057494,0.51545702,0.66389652,0.99927662,0.86161949,0.53072648,0.65770116,0.59804509,0.68133368,0.80253743,0.17982500,0.78384264,0.77088412,0.75529649,1.02691025,0.31058768,0.61245351,0.87871392,0.90983605,0.61689699,1.14043499,0.21330416,1.00205431,0.24330527,0.33678860,0.98393856,0.61083724,0.44122777,0.44122509,0.20563656,0.00000000,0.34365004,0.92653084,0.70471520,0.53523902,0.16781373,1.07239255,0.29130181,0.56316176,1.06526167,0.65445916,0.40677059
0.14928052,0.29474273,0.13569391,0.23709284,0.29081911,0.65604640,0.38275934,0.21239637,0.34348035,0.37269490,0.24004379,0.74753081,0.45005650,0.09070300,0.17027672,0.38210220,0.02480452,0.84627723,0.79791199,0.19589227,0.54092370,0.83363370,0.94083791,0.68001354,0.31444450,0.43270143,0.59552041,0.55820298,0.47731852,0.51835774,0.80368527,0.42274831,0.82227120,0.11015807,0.40455227,0.63946246,0.69667519,0.28475028,0.89412884,0.32899234,0.83543735,0.22300527,0.21743481,0.83439748,0.30681223,0.20192489,0.13549605,0.52548553,0.34365004,0.00000000,0.60753016,0.36575819,0.61665385,0.17609308,0.81978420,0.32714303,0.25075978,0.80028991,0.72385669,0.14556202
0.48778661,0.49639199,0.62339765,0.38463510,0.81030963,0.67600355,0.97942505,0.55689140,0.94893561,0.84600997,0.50854393,0.52813877,0.48842374,0.54796695,0.56739753,0.24102524,0.63164915,0.34603995,0.62968615,0.41483622,0.56093848,0.57782186,1.08889490,1.00526454,0.37570850,0.48705741,0.63724928,0.29376957,1.00593849,0.24138542,0.92551618,0.44341809,0.47980634,0.69937530,0.41730653,0.31235638,0.39946892,0.47383035,0.42154077,0.80731694,0.57665569,0.70859322,0.62021528,0.61365858,0.31629533,0.49507549,0.59558795,1.12430376,0.92653084,0.60753016,0.00000000,0.40567077,0.88625763,0.77065292,0.35314581,0.74459817,0.55079924,0.30587625,0.93038328,0.65364076
0.21904175,0.48784755,0.29721369,0.30541218,0.65138052,0.82959546,0.73352609,0.47264491,0.68085291,0.72455694,0.14596322,0.80204196,0.59413985,0.37075298,0.22971731,0.31985151,0.38079969,0.73861792,0.88637790,0.27945005,0.69659791,0.87646286,1.19709474,0.99657954,0.07490196,0.58129556,0.77244595,0.54819535,0.84260051,0.48289878,1.04081000,0.07210389,0.81364815,0.40551148,0.51414814,0.61424981,0.69958912,0.09512980,0.80813747,0.67998530,0.87673364,0.56775450,0.51858297,0.89711919,0.30709204,0.41233085,0.27229796,0.86885508,0.70471520,0.36575819,0.40567077,0.00000000,0.90706750,0.53759081,0.73363704,0.65485774,0.17287318,0.69416718,0.99417429,0.32308145
0.71282217,0.42772421,0.75217967,0.60918258,0.40203226,0.31248282,0.60306527,0.43707886,0.64807814,0.31788320,0.82931137,0.57141640,0.39925037,0.55889928,0.77975387,0.68235535,0.62186817,0.88604430,0.53114664,0.62791868,0.35205368,0.63178651,0.33448967,0.12703105,0.83413093,0.39933037,0.30215911,0.62425777,0.42075835,0.65360994,0.23873399,0.97785257,0.71437992,0.68368258,0.46969795,0.66493906,0.63989465,0.85923177,0.88118230,0.33957326,0.63543484,0.40558964,0.40394693,0.59655174,0.63787586,0.49475572,0.75086931,0.68316485,0.53523902,0.61665385,0.88625763,0.90706750,0.00000000,0.55666196,0.83749523,0.29724353,0.85409335,0.85711065,0.11960630,0.75828552
0.32474382,0.37044664,0.26339707,0.38791497,0.16363321,0.68038237,0.20952850,0.27283679,0.18281738,0.25680330,0.40253919,0.82591675,0.51743625,0.22312992,0.32190478,0.53566520,0.15754380,0.97838892,0.85731976,0.35613775,0.58835690,0.91182452,0.89108555,0.58936244,0.48989220,0.50069379,0.62385675,0.67714340,0.31643004,0.64927199,0.77470002,0.58988787,0.92202571,0.15666559,0.49752312,0.75663181,0.79963756,0.45116463,1.01778957,0.22197316,0.91419242,0.16494168,0.23322794,0.90369800,0.45843550,0.30448652,0.27888656,0.35406459,0.16781373,0.17609308,0.77065292,0.53759081,0.55666196,0.00000000,0.94642184,0.26383001,0.40196621,0.93374226,0.67395075,0.25245951
0.74497264,0.58753557,0.88262437,0.58545567,0.92498384,0.54463886,1.13825263,0.68050030,1.12826995,0.92524650,0.80437201,0.29860705,0.48141766,0.73685204,0.84156179,0.45542289,0.84427235,0.05042011,0.39189019,0.63206314,0.48854407,0.29885957,0.93204730,0.96448547,0.68545523,0.49212575,0.53718905,0.27016650,1.09582714,0.30142647,0.78216024,0.78293272,0.17550440,0.92736850,0.46124174,0.19462241,0.19779050,0.78208590,0.07627363,0.89813577,0.29605542,0.82995554,0.73571628,0.34617590,0.52041357,0.64198411,0.85737468,1.27800210,1.07239255,0.81978420,0.35314581,0.73363704,0.83749523,0.94642184,0.00000000,0.81867394,0.84931602,0.05263939,0.83492903,0.91136130
0.44345226,0.25061712,0.46082245,0.38930289,0.13172263,0.44017325,0.36447027,0.19621919,0.38850060,0.10702925,0.55525730,0.63180663,0.34051163,0.28604919,0.49563524,0.50821723,0.32912045,0.85960050,0.64044922,0.38947586,0.37651933,0.71330222,0.63011715,0.35299810,0.58741260,0.32788873,0.39004828,0.55605334,0.27737692,0.55404808,0.51091477,0.72172830,0.75134486,0.38668527,0.36227578,0.62456984,0.64099358,0.59203387,0.88113328,0.08287811,0.71624129,0.10859728,0.13854696,0.69536610,0.44190842,0.26325236,0.46263892,0.48424617,0.29130181,0.32714303,0.74459817,0.65485774,0.29724353,0.26383001,0.81867394,0.00000000,0.57390770,0.81997840,0.41207011,0.46432746
0.14913417,0.47108233,0.14069296,0.31608530,0.53949396,0.83842367,0.58211379,0.42217308,0.52372670,0.62332949,0.04503558,0.86395902,0.60802361,0.29524618,0.08139476,0.39988345,0.25672996,0.86209971,0.93574154,0.27108619,0.70984770,0.94516020,1.16752086,0.92645583,0.17540230,0.59235001,0.77811736,0.62703745,0.71736389,0.56826508,1.02066597,0.20037694,0.90182175,0.25332490,0.53839768,0.70258278,0.77979993,0.08070746,0.92544640,0.57973426,0.94607749,0.47286808,0.45031198,0.95786985,0.35386224,0.37812283,0.12313729,0.71109560,0.56316176,0.25075978,0.55079924,0.17287318,0.85409335,0.40196621,0.84931602,0.57390770,0.00000000,0.81602567,0.95447298,0.16058621
0.71771226,0.58215168,0.85624639,0.56398908,0.92138955,0.57237634,1.12954001,0.67232473,1.11630111,0.92695286,0.77128354,0.33618892,0.48780316,0.71988959,0.81241651,0.42800443,0.82496961,0.04656273,0.43323676,0.60919939,0.50562491,0.34494595,0.96749137,0.98409040,0.64908338,0.49698628,0.55991548,0.26468959,1.09732261,0.28458116,0.81472267,0.74103148,0.22308457,0.90636896,0.45880233,0.19797325,0.22322864,0.74664843,0.11582626,0.89784610,0.34234835,0.82433986,0.72968490,0.39130393,0.49673646,0.62960993,0.83039049,1.27081484,1.06526167,0.80028991,0.30587625,0.69416718,0.85711065,0.93374226,0.05263939,0.81997840,0.81602567,0.00000000,0.86122479,0.88543201
0.80977717,0.50714401,0.85951651,0.69075935,0.52114024,0.29055643,0.72173183,0.53289043,0.76757227,0.43748677,0.92692799,0.54940088,0.44457342,0.65991696,0.88273914,0.74530483,0.73090138,0.88489588,0.48974248,0.71516636,0.37275712,0.59641038,0.21827988,0.18010916,0.91999450,0.44913208,0.30422187,0.65145498,0.53360352,0.69090501,0.12827422,1.06585206,0.69394812,0.79651769,0.52338084,0.67886660,0.63855941,0.95341295,0.86948672,0.45863830,0.60016497,0.51935058,0.50765261,0.55548539,0.71023684,0.58490892,0.85630711,0.79740277,0.65445916,0.72385669,0.93038328,0.99417429,0.11960630,0.67395075,0.83492903,0.41207011,0.95447298,0.86122479,0.00000000,0.86747285
0.16879891,0.43197380,0.03024319,0.33095725,0.40420545,0.79836676,0.42207851,0.35615324,0.36314486,0.49393155,0.17714096,0.87257427,0.58483867,0.22745666,0.09445293,0.45744674,0.13658919,0.93198454,0.93008872,0.28220053,0.67966588,0.95769970,1.08497354,0.81463937,0.30009327,0.56771652,0.73761171,0.66263884,0.56848135,0.61375916,0.94910768,0.36008284,0.93463224,0.09675668,0.53064111,0.74301057,0.80908209,0.22829778,0.98725049,0.45273000,0.95921520,0.35660175,0.36264172,0.96240168,0.39142707,0.33586893,0.05814741,0.55061647,0.40677059,0.14556202,0.65364076,0.32308145,0.75828552,0.25245951,0.91136130,0.46432746,0.16058621,0.88543201,0.86747285,0.00000000
