0.00000000,0.66100532,0.49642155,1.02432889,0.50241159,1.15780593,0.86426131,0.66083407,0.51233168
0.66100532,0.00000000,1.15742688,0.66368369,0.49690800,0.86452501,0.50361611,1.02308231,0.51118073
0.49642155,1.15742688,0.00000000,0.86751619,0.99883314,1.00099322,1.29255140,0.50402137,0.64624615
1.02432889,0.66368369,0.86751619,0.00000000,1.16059169,0.50382980,0.49581973,0.66238710,0.51199721
0.50241159,0.49690800,0.99883314,1.16059169,0.00000000,1.29406873,1.00052411,0.86448858,0.64859448
1.15780593,0.86452501,1.00099322,0.50382980,1.29406873,0.00000000,0.99964953,0.49697185,0.64547424
0.86426131,0.50361611,1.29255140,0.49581973,1.00052411,0.99964953,0.00000000,1.15820683,0.64630525
0.66083407,1.02308231,0.50402137,0.66238710,0.86448858,0.49697185,1.15820683,0.00000000,0.51190159
0.51233168,0.51118073,0.64624615,0.51199721,0.64859448,0.64547424,0.64630525,0.51190159,0.00000000
