0.00000000,0.53244389,0.36811994,0.75479661,0.36809303,0.83124450,0.83089420,0.53282334,0.37744613
0.53244389,0.00000000,0.83101885,0.53412409,0.36882891,0.83152532,0.36870573,0.75392665,0.37703748
0.36811994,0.83101885,0.00000000,0.83287625,0.73605737,0.73748862,1.04191474,0.36884007,0.52154953
0.75479661,0.53412409,0.83287625,0.00000000,0.83301203,0.36855162,0.36841474,0.53426827,0.37735066
0.36809303,0.36882891,0.73605737,0.83301203,0.00000000,1.04234179,0.73733266,0.83147577,0.52201168
0.83124450,0.83152532,0.73748862,0.36855162,1.04234179,0.00000000,0.73670470,0.36886409,0.52033123
0.83089420,0.36870573,1.04191474,0.36841474,0.73733266,0.73670470,0.00000000,0.83151239,0.52036763
0.53282334,0.75392665,0.36884007,0.53426827,0.83147577,0.36886409,0.83151239,0.00000000,0.37689269
0.37744613,0.37703748,0.52154953,0.37735066,0.52201168,0.52033123,0.52036763,0.37689269,0.00000000
